0 	 1.6781e-01 	 1.5921e+00 	 3.4305e+00 	 5.8637e-01 	 3.6608e-02 	2 	 358 	 50 	 2.000e-01 	 2.000e-01 	 2.000e-01  	 1.581e-07  	 1.000e-08 	 0.0e+00 	 0.0e+00 	 0.0e+00	 1.6e+02
1 	 1.8578e-01 	 1.5578e+00 	 3.4266e+00 	 5.8910e-01 	 2.0517e-02 	2 	 358 	 50 	 2.000e-01 	 2.000e-01 	 2.000e-01  	 1.581e-07  	 1.000e-08 	 6.0e-01 	 2.5e-01 	 1.1e+00	 1.6e+02
2 	 2.2643e-01 	 1.4800e+00 	 3.3906e+00 	 4.5943e-01 	 1.1682e-02 	2 	 358 	 50 	 2.000e-01 	 2.000e-01 	 2.000e-01  	 1.581e-07  	 1.000e-08 	 3.6e-01 	 3.1e-01 	 7.8e-01	 1.6e+02
3 	 2.2701e-01 	 1.4789e+00 	 3.3900e+00 	 4.5827e-01 	 1.1699e-02 	2 	 358 	 50 	 2.000e-01 	 2.000e-01 	 2.000e-01  	 1.581e-07  	 1.000e-08 	 1.0e+01 	 7.4e+01 	 8.9e+01	 1.6e+02
5 	 -1.4069e-02 	 1.9401e+00 	 3.1225e+00 	 -0.0000e+00 	 -0.0000e+00 	2 	 358 	 50 	 2.000e-01 	 2.000e-01 	 2.000e-01  	 1.581e-07  	 1.000e-08 	 0.0e+00 	 0.0e+00 	 0.0e+00	 1.6e+02
0 	 1.5554e-01 	 1.6156e+00 	 3.3056e+00 	 6.8236e-01 	 3.4749e-02 	2 	 348 	 50 	 2.000e-01 	 2.000e-01 	 2.000e-01  	 1.581e-07  	 1.000e-08 	 0.0e+00 	 0.0e+00 	 0.0e+00	 1.6e+02
1 	 1.7276e-01 	 1.5827e+00 	 3.1976e+00 	 5.7865e-01 	 2.0272e-02 	2 	 348 	 50 	 2.000e-01 	 2.000e-01 	 2.000e-01  	 1.581e-07  	 1.000e-08 	 1.6e-01 	 3.2e-01 	 5.2e-01	 1.6e+02
2 	 1.9688e-01 	 1.5365e+00 	 3.1993e+00 	 4.9757e-01 	 1.3287e-02 	2 	 348 	 50 	 2.000e-01 	 2.000e-01 	 2.000e-01  	 1.581e-07  	 1.000e-08 	 6.7e-01 	 3.3e-01 	 1.1e+00	 1.6e+02
3 	 1.9691e-01 	 1.5365e+00 	 3.1996e+00 	 4.9768e-01 	 1.3282e-02 	2 	 348 	 50 	 2.000e-01 	 2.000e-01 	 2.000e-01  	 1.581e-07  	 1.000e-08 	 9.3e+00 	 7.4e+01 	 8.8e+01	 1.6e+02
5 	 -1.4069e-02 	 1.9401e+00 	 3.1225e+00 	 -0.0000e+00 	 -0.0000e+00 	2 	 348 	 50 	 2.000e-01 	 2.000e-01 	 2.000e-01  	 1.581e-07  	 1.000e-08 	 0.0e+00 	 0.0e+00 	 0.0e+00	 1.6e+02
0 	 1.9554e-01 	 1.5391e+00 	 3.2144e+00 	 6.9023e-01 	 3.8983e-02 	2 	 363 	 50 	 2.000e-01 	 2.000e-01 	 2.000e-01  	 1.581e-07  	 1.000e-08 	 0.0e+00 	 0.0e+00 	 0.0e+00	 1.3e+02
1 	 2.1106e-01 	 1.5094e+00 	 3.2531e+00 	 5.6596e-01 	 2.1278e-02 	2 	 363 	 50 	 2.000e-01 	 2.000e-01 	 2.000e-01  	 1.581e-07  	 1.000e-08 	 1.1e-01 	 2.6e-01 	 4.1e-01	 1.3e+02
2 	 2.4030e-01 	 1.4534e+00 	 3.2797e+00 	 5.7418e-01 	 1.3668e-02 	2 	 363 	 50 	 2.000e-01 	 2.000e-01 	 2.000e-01  	 1.581e-07  	 1.000e-08 	 1.8e-01 	 3.2e-01 	 5.4e-01	 1.3e+02
3 	 2.4030e-01 	 1.4535e+00 	 3.2797e+00 	 5.7419e-01 	 1.3667e-02 	2 	 363 	 50 	 2.000e-01 	 2.000e-01 	 2.000e-01  	 1.581e-07  	 1.000e-08 	 1.1e+01 	 3.9e+01 	 5.5e+01	 1.3e+02
5 	 -1.4069e-02 	 1.9401e+00 	 3.1225e+00 	 -0.0000e+00 	 -0.0000e+00 	2 	 363 	 50 	 2.000e-01 	 2.000e-01 	 2.000e-01  	 1.581e-07  	 1.000e-08 	 0.0e+00 	 0.0e+00 	 0.0e+00	 1.3e+02
0 	 1.6532e-01 	 1.5969e+00 	 3.2962e+00 	 5.3857e-01 	 3.9104e-02 	2 	 363 	 50 	 2.000e-01 	 2.000e-01 	 2.000e-01  	 1.581e-07  	 1.000e-08 	 0.0e+00 	 0.0e+00 	 0.0e+00	 1.4e+02
1 	 1.7926e-01 	 1.5702e+00 	 3.2642e+00 	 4.6282e-01 	 2.2326e-02 	2 	 363 	 50 	 2.000e-01 	 2.000e-01 	 2.000e-01  	 1.581e-07  	 1.000e-08 	 1.1e-01 	 2.4e-01 	 3.8e-01	 1.4e+02
2 	 2.0639e-01 	 1.5183e+00 	 3.0816e+00 	 4.7938e-01 	 1.2144e-02 	2 	 363 	 50 	 2.000e-01 	 2.000e-01 	 2.000e-01  	 1.581e-07  	 1.000e-08 	 1.6e-01 	 3.3e-01 	 5.2e-01	 1.4e+02
3 	 2.0641e-01 	 1.5183e+00 	 3.0816e+00 	 4.7936e-01 	 1.2144e-02 	2 	 363 	 50 	 2.000e-01 	 2.000e-01 	 2.000e-01  	 1.581e-07  	 1.000e-08 	 1.1e+01 	 4.2e+01 	 6.0e+01	 1.4e+02
5 	 -1.4069e-02 	 1.9401e+00 	 3.1225e+00 	 -0.0000e+00 	 -0.0000e+00 	2 	 363 	 50 	 2.000e-01 	 2.000e-01 	 2.000e-01  	 1.581e-07  	 1.000e-08 	 0.0e+00 	 0.0e+00 	 0.0e+00	 1.4e+02
0 	 1.8192e-01 	 1.5651e+00 	 3.1925e+00 	 8.5032e-01 	 3.8724e-02 	2 	 360 	 50 	 2.000e-01 	 2.000e-01 	 2.000e-01  	 1.581e-07  	 1.000e-08 	 0.0e+00 	 0.0e+00 	 0.0e+00	 1.4e+02
1 	 2.0370e-01 	 1.5235e+00 	 3.1876e+00 	 5.2921e-01 	 2.1964e-02 	2 	 360 	 50 	 2.000e-01 	 2.000e-01 	 2.000e-01  	 1.581e-07  	 1.000e-08 	 3.0e-01 	 3.5e-01 	 7.3e-01	 1.4e+02
2 	 2.4110e-01 	 1.4519e+00 	 3.1121e+00 	 5.2959e-01 	 1.4147e-02 	2 	 360 	 50 	 2.000e-01 	 2.000e-01 	 2.000e-01  	 1.581e-07  	 1.000e-08 	 2.3e-01 	 3.1e-01 	 5.9e-01	 1.4e+02
3 	 2.4110e-01 	 1.4519e+00 	 3.1121e+00 	 5.2959e-01 	 1.4147e-02 	2 	 360 	 50 	 2.000e-01 	 2.000e-01 	 2.000e-01  	 1.581e-07  	 1.000e-08 	 1.1e+01 	 4.7e+01 	 6.3e+01	 1.4e+02
5 	 -1.4069e-02 	 1.9401e+00 	 3.1225e+00 	 -0.0000e+00 	 -0.0000e+00 	2 	 360 	 50 	 2.000e-01 	 2.000e-01 	 2.000e-01  	 1.581e-07  	 1.000e-08 	 0.0e+00 	 0.0e+00 	 0.0e+00	 1.4e+02
0 	 1.4984e-01 	 1.6265e+00 	 3.5405e+00 	 6.0448e-01 	 3.7499e-02 	2 	 361 	 50 	 2.000e-01 	 2.000e-01 	 2.000e-01  	 1.581e-07  	 1.000e-08 	 0.0e+00 	 0.0e+00 	 0.0e+00	 1.5e+02
1 	 1.7208e-01 	 1.5840e+00 	 3.3023e+00 	 4.3202e-01 	 2.0785e-02 	2 	 361 	 50 	 2.000e-01 	 2.000e-01 	 2.000e-01  	 1.581e-07  	 1.000e-08 	 1.0e-01 	 2.5e-01 	 3.8e-01	 1.5e+02
2 	 1.9751e-01 	 1.5353e+00 	 3.1841e+00 	 5.7256e-01 	 1.2846e-02 	2 	 361 	 50 	 2.000e-01 	 2.000e-01 	 2.000e-01  	 1.581e-07  	 1.000e-08 	 1.6e-01 	 3.8e-01 	 5.7e-01	 1.5e+02
3 	 1.9754e-01 	 1.5352e+00 	 3.1841e+00 	 5.7236e-01 	 1.2844e-02 	2 	 361 	 50 	 2.000e-01 	 2.000e-01 	 2.000e-01  	 1.581e-07  	 1.000e-08 	 1.1e+01 	 6.5e+01 	 8.2e+01	 1.5e+02
5 	 -1.4069e-02 	 1.9401e+00 	 3.1225e+00 	 -0.0000e+00 	 -0.0000e+00 	2 	 361 	 50 	 2.000e-01 	 2.000e-01 	 2.000e-01  	 1.581e-07  	 1.000e-08 	 0.0e+00 	 0.0e+00 	 0.0e+00	 1.5e+02
0 	 1.6191e-01 	 1.6034e+00 	 3.1932e+00 	 1.0211e+00 	 5.0553e-02 	2 	 362 	 50 	 2.000e-01 	 2.000e-01 	 2.000e-01  	 1.581e-07  	 1.000e-08 	 0.0e+00 	 0.0e+00 	 0.0e+00	 1.4e+02
1 	 1.9313e-01 	 1.5437e+00 	 3.2256e+00 	 6.9661e-01 	 2.2828e-02 	2 	 362 	 50 	 2.000e-01 	 2.000e-01 	 2.000e-01  	 1.581e-07  	 1.000e-08 	 1.1e-01 	 2.7e-01 	 4.1e-01	 1.4e+02
2 	 2.2164e-01 	 1.4891e+00 	 3.1118e+00 	 6.0301e-01 	 1.2441e-02 	2 	 362 	 50 	 2.000e-01 	 2.000e-01 	 2.000e-01  	 1.581e-07  	 1.000e-08 	 1.6e-01 	 3.4e-01 	 5.4e-01	 1.4e+02
3 	 2.2164e-01 	 1.4891e+00 	 3.1118e+00 	 6.0302e-01 	 1.2441e-02 	2 	 362 	 50 	 2.000e-01 	 2.000e-01 	 2.000e-01  	 1.581e-07  	 1.000e-08 	 1.2e+01 	 4.8e+01 	 6.5e+01	 1.4e+02
5 	 -1.4069e-02 	 1.9401e+00 	 3.1225e+00 	 -0.0000e+00 	 -0.0000e+00 	2 	 362 	 50 	 2.000e-01 	 2.000e-01 	 2.000e-01  	 1.581e-07  	 1.000e-08 	 0.0e+00 	 0.0e+00 	 0.0e+00	 1.4e+02
0 	 1.6545e-01 	 1.5966e+00 	 3.2436e+00 	 6.5447e-01 	 4.1111e-02 	2 	 359 	 50 	 2.000e-01 	 2.000e-01 	 2.000e-01  	 1.581e-07  	 1.000e-08 	 0.0e+00 	 0.0e+00 	 0.0e+00	 1.6e+02
1 	 1.9078e-01 	 1.5482e+00 	 3.2375e+00 	 5.0982e-01 	 1.9492e-02 	2 	 359 	 50 	 2.000e-01 	 2.000e-01 	 2.000e-01  	 1.581e-07  	 1.000e-08 	 1.0e-01 	 2.5e-01 	 3.8e-01	 1.6e+02
2 	 2.3375e-01 	 1.4660e+00 	 3.2378e+00 	 4.6627e-01 	 1.1326e-02 	2 	 359 	 50 	 2.000e-01 	 2.000e-01 	 2.000e-01  	 1.581e-07  	 1.000e-08 	 1.5e-01 	 3.1e-01 	 5.0e-01	 1.6e+02
3 	 2.3375e-01 	 1.4660e+00 	 3.2378e+00 	 4.6630e-01 	 1.1325e-02 	2 	 359 	 50 	 2.000e-01 	 2.000e-01 	 2.000e-01  	 1.581e-07  	 1.000e-08 	 1.1e+01 	 7.6e+01 	 9.2e+01	 1.6e+02
5 	 -1.4069e-02 	 1.9401e+00 	 3.1225e+00 	 -0.0000e+00 	 -0.0000e+00 	2 	 359 	 50 	 2.000e-01 	 2.000e-01 	 2.000e-01  	 1.581e-07  	 1.000e-08 	 0.0e+00 	 0.0e+00 	 0.0e+00	 1.6e+02
0 	 1.2206e-01 	 1.6797e+00 	 3.5765e+00 	 7.8207e-01 	 4.0174e-02 	2 	 354 	 50 	 2.000e-01 	 2.000e-01 	 2.000e-01  	 1.581e-07  	 1.000e-08 	 0.0e+00 	 0.0e+00 	 0.0e+00	 1.3e+02
1 	 1.4635e-01 	 1.6332e+00 	 3.4683e+00 	 6.4034e-01 	 2.2780e-02 	2 	 354 	 50 	 2.000e-01 	 2.000e-01 	 2.000e-01  	 1.581e-07  	 1.000e-08 	 1.1e-01 	 2.6e-01 	 4.0e-01	 1.3e+02
2 	 1.7208e-01 	 1.5840e+00 	 3.4632e+00 	 5.2198e-01 	 1.3811e-02 	2 	 354 	 50 	 2.000e-01 	 2.000e-01 	 2.000e-01  	 1.581e-07  	 1.000e-08 	 1.5e-01 	 3.7e-01 	 5.5e-01	 1.3e+02
3 	 1.7210e-01 	 1.5839e+00 	 3.4627e+00 	 5.2203e-01 	 1.3811e-02 	2 	 354 	 50 	 2.000e-01 	 2.000e-01 	 2.000e-01  	 1.581e-07  	 1.000e-08 	 1.2e+01 	 3.9e+01 	 5.7e+01	 1.3e+02
5 	 -1.4069e-02 	 1.9401e+00 	 3.1225e+00 	 -0.0000e+00 	 -0.0000e+00 	2 	 354 	 50 	 2.000e-01 	 2.000e-01 	 2.000e-01  	 1.581e-07  	 1.000e-08 	 0.0e+00 	 0.0e+00 	 0.0e+00	 1.3e+02
0 	 1.0890e-01 	 1.7048e+00 	 3.3166e+00 	 8.9643e-01 	 4.5986e-02 	2 	 361 	 50 	 2.000e-01 	 2.000e-01 	 2.000e-01  	 1.581e-07  	 1.000e-08 	 0.0e+00 	 0.0e+00 	 0.0e+00	 1.6e+02
1 	 1.3894e-01 	 1.6474e+00 	 3.3048e+00 	 7.1465e-01 	 2.2530e-02 	2 	 361 	 50 	 2.000e-01 	 2.000e-01 	 2.000e-01  	 1.581e-07  	 1.000e-08 	 1.1e-01 	 2.7e-01 	 4.1e-01	 1.6e+02
2 	 1.7406e-01 	 1.5802e+00 	 3.2735e+00 	 5.9294e-01 	 1.1773e-02 	2 	 361 	 50 	 2.000e-01 	 2.000e-01 	 2.000e-01  	 1.581e-07  	 1.000e-08 	 1.6e-01 	 3.6e-01 	 5.6e-01	 1.6e+02
3 	 1.7423e-01 	 1.5799e+00 	 3.2734e+00 	 5.9257e-01 	 1.1764e-02 	2 	 361 	 50 	 2.000e-01 	 2.000e-01 	 2.000e-01  	 1.581e-07  	 1.000e-08 	 1.1e+01 	 6.6e+01 	 8.3e+01	 1.6e+02
5 	 -1.4069e-02 	 1.9401e+00 	 3.1225e+00 	 -0.0000e+00 	 -0.0000e+00 	2 	 361 	 50 	 2.000e-01 	 2.000e-01 	 2.000e-01  	 1.581e-07  	 1.000e-08 	 0.0e+00 	 0.0e+00 	 0.0e+00	 1.6e+02
0 	 1.3240e-01 	 1.6599e+00 	 3.2930e+00 	 6.2448e-01 	 4.3698e-02 	2 	 358 	 50 	 2.000e-01 	 2.000e-01 	 2.000e-01  	 1.581e-07  	 1.000e-08 	 0.0e+00 	 0.0e+00 	 0.0e+00	 1.7e+02
1 	 1.4892e-01 	 1.6283e+00 	 3.4329e+00 	 4.6650e-01 	 2.3683e-02 	2 	 358 	 50 	 2.000e-01 	 2.000e-01 	 2.000e-01  	 1.581e-07  	 1.000e-08 	 1.1e-01 	 3.8e-01 	 5.1e-01	 1.7e+02
2 	 1.6947e-01 	 1.5890e+00 	 3.2899e+00 	 4.2044e-01 	 1.5735e-02 	2 	 358 	 50 	 2.000e-01 	 2.000e-01 	 2.000e-01  	 1.581e-07  	 1.000e-08 	 2.2e-01 	 5.6e-01 	 8.4e-01	 1.7e+02
3 	 1.6951e-01 	 1.5889e+00 	 3.2901e+00 	 4.2073e-01 	 1.5731e-02 	2 	 358 	 50 	 2.000e-01 	 2.000e-01 	 2.000e-01  	 1.581e-07  	 1.000e-08 	 1.0e+01 	 8.3e+01 	 9.8e+01	 1.7e+02
5 	 -1.4069e-02 	 1.9401e+00 	 3.1225e+00 	 -0.0000e+00 	 -0.0000e+00 	2 	 358 	 50 	 2.000e-01 	 2.000e-01 	 2.000e-01  	 1.581e-07  	 1.000e-08 	 0.0e+00 	 0.0e+00 	 0.0e+00	 1.7e+02
0 	 1.6674e-01 	 1.5942e+00 	 3.3268e+00 	 7.8058e-01 	 4.1822e-02 	2 	 365 	 50 	 2.000e-01 	 2.000e-01 	 2.000e-01  	 1.581e-07  	 1.000e-08 	 0.0e+00 	 0.0e+00 	 0.0e+00	 1.3e+02
1 	 1.8949e-01 	 1.5507e+00 	 3.3449e+00 	 4.8231e-01 	 2.0507e-02 	2 	 365 	 50 	 2.000e-01 	 2.000e-01 	 2.000e-01  	 1.581e-07  	 1.000e-08 	 1.1e-01 	 2.4e-01 	 3.7e-01	 1.3e+02
2 	 2.2405e-01 	 1.4845e+00 	 3.2859e+00 	 4.3569e-01 	 1.1821e-02 	2 	 365 	 50 	 2.000e-01 	 2.000e-01 	 2.000e-01  	 1.581e-07  	 1.000e-08 	 1.5e-01 	 3.4e-01 	 5.2e-01	 1.3e+02
3 	 2.2405e-01 	 1.4845e+00 	 3.2859e+00 	 4.3569e-01 	 1.1822e-02 	2 	 365 	 50 	 2.000e-01 	 2.000e-01 	 2.000e-01  	 1.581e-07  	 1.000e-08 	 1.1e+01 	 4.0e+01 	 5.6e+01	 1.3e+02
5 	 -1.4069e-02 	 1.9401e+00 	 3.1225e+00 	 -0.0000e+00 	 -0.0000e+00 	2 	 365 	 50 	 2.000e-01 	 2.000e-01 	 2.000e-01  	 1.581e-07  	 1.000e-08 	 0.0e+00 	 0.0e+00 	 0.0e+00	 1.3e+02
0 	 1.3314e-01 	 1.6585e+00 	 3.3246e+00 	 7.0226e-01 	 3.6259e-02 	2 	 360 	 50 	 2.000e-01 	 2.000e-01 	 2.000e-01  	 1.581e-07  	 1.000e-08 	 0.0e+00 	 0.0e+00 	 0.0e+00	 1.3e+02
1 	 1.6014e-01 	 1.6068e+00 	 3.1874e+00 	 5.2579e-01 	 2.1088e-02 	2 	 360 	 50 	 2.000e-01 	 2.000e-01 	 2.000e-01  	 1.581e-07  	 1.000e-08 	 1.0e-01 	 2.3e-01 	 3.6e-01	 1.3e+02
2 	 1.9223e-01 	 1.5454e+00 	 3.1356e+00 	 4.6522e-01 	 1.2802e-02 	2 	 360 	 50 	 2.000e-01 	 2.000e-01 	 2.000e-01  	 1.581e-07  	 1.000e-08 	 1.5e-01 	 3.3e-01 	 5.1e-01	 1.3e+02
3 	 1.9223e-01 	 1.5454e+00 	 3.1356e+00 	 4.6528e-01 	 1.2802e-02 	2 	 360 	 50 	 2.000e-01 	 2.000e-01 	 2.000e-01  	 1.581e-07  	 1.000e-08 	 1.1e+01 	 4.6e+01 	 6.2e+01	 1.3e+02
5 	 -1.4069e-02 	 1.9401e+00 	 3.1225e+00 	 -0.0000e+00 	 -0.0000e+00 	2 	 360 	 50 	 2.000e-01 	 2.000e-01 	 2.000e-01  	 1.581e-07  	 1.000e-08 	 0.0e+00 	 0.0e+00 	 0.0e+00	 1.3e+02
0 	 1.7925e-01 	 1.5703e+00 	 3.3404e+00 	 7.0168e-01 	 3.4692e-02 	2 	 360 	 50 	 2.000e-01 	 2.000e-01 	 2.000e-01  	 1.581e-07  	 1.000e-08 	 0.0e+00 	 0.0e+00 	 0.0e+00	 1.3e+02
1 	 1.9107e-01 	 1.5476e+00 	 3.3603e+00 	 4.7167e-01 	 1.8827e-02 	2 	 360 	 50 	 2.000e-01 	 2.000e-01 	 2.000e-01  	 1.581e-07  	 1.000e-08 	 1.0e-01 	 2.4e-01 	 3.7e-01	 1.3e+02
2 	 2.1609e-01 	 1.4998e+00 	 3.4490e+00 	 5.0200e-01 	 1.2188e-02 	2 	 360 	 50 	 2.000e-01 	 2.000e-01 	 2.000e-01  	 1.581e-07  	 1.000e-08 	 1.6e-01 	 3.5e-01 	 5.3e-01	 1.3e+02
3 	 2.1610e-01 	 1.4997e+00 	 3.4490e+00 	 5.0200e-01 	 1.2189e-02 	2 	 360 	 50 	 2.000e-01 	 2.000e-01 	 2.000e-01  	 1.581e-07  	 1.000e-08 	 1.0e+01 	 3.8e+01 	 5.3e+01	 1.3e+02
5 	 -1.4069e-02 	 1.9401e+00 	 3.1225e+00 	 -0.0000e+00 	 -0.0000e+00 	2 	 360 	 50 	 2.000e-01 	 2.000e-01 	 2.000e-01  	 1.581e-07  	 1.000e-08 	 0.0e+00 	 0.0e+00 	 0.0e+00	 1.3e+02
0 	 1.5203e-01 	 1.6223e+00 	 3.5394e+00 	 5.0720e-01 	 3.6828e-02 	2 	 359 	 50 	 2.000e-01 	 2.000e-01 	 2.000e-01  	 1.581e-07  	 1.000e-08 	 0.0e+00 	 0.0e+00 	 0.0e+00	 1.3e+02
1 	 1.7681e-01 	 1.5749e+00 	 3.4871e+00 	 3.9371e-01 	 1.9234e-02 	2 	 359 	 50 	 2.000e-01 	 2.000e-01 	 2.000e-01  	 1.581e-07  	 1.000e-08 	 1.0e-01 	 2.5e-01 	 3.7e-01	 1.3e+02
2 	 2.0909e-01 	 1.5132e+00 	 3.4079e+00 	 4.1610e-01 	 1.2032e-02 	2 	 359 	 50 	 2.000e-01 	 2.000e-01 	 2.000e-01  	 1.581e-07  	 1.000e-08 	 1.5e-01 	 3.2e-01 	 5.0e-01	 1.3e+02
3 	 2.0909e-01 	 1.5132e+00 	 3.4079e+00 	 4.1608e-01 	 1.2032e-02 	2 	 359 	 50 	 2.000e-01 	 2.000e-01 	 2.000e-01  	 1.581e-07  	 1.000e-08 	 1.0e+01 	 4.1e+01 	 5.6e+01	 1.3e+02
5 	 -1.4069e-02 	 1.9401e+00 	 3.1225e+00 	 -0.0000e+00 	 -0.0000e+00 	2 	 359 	 50 	 2.000e-01 	 2.000e-01 	 2.000e-01  	 1.581e-07  	 1.000e-08 	 0.0e+00 	 0.0e+00 	 0.0e+00	 1.3e+02
0 	 1.9607e-01 	 1.5381e+00 	 3.2251e+00 	 6.1220e-01 	 4.1660e-02 	2 	 361 	 50 	 2.000e-01 	 2.000e-01 	 2.000e-01  	 1.581e-07  	 1.000e-08 	 0.0e+00 	 0.0e+00 	 0.0e+00	 1.3e+02
1 	 2.1548e-01 	 1.5009e+00 	 3.1881e+00 	 5.9635e-01 	 2.0587e-02 	2 	 361 	 50 	 2.000e-01 	 2.000e-01 	 2.000e-01  	 1.581e-07  	 1.000e-08 	 1.0e-01 	 2.4e-01 	 3.7e-01	 1.3e+02
2 	 2.5571e-01 	 1.4240e+00 	 2.9931e+00 	 6.4139e-01 	 1.2762e-02 	2 	 361 	 50 	 2.000e-01 	 2.000e-01 	 2.000e-01  	 1.581e-07  	 1.000e-08 	 1.6e-01 	 3.6e-01 	 5.5e-01	 1.3e+02
3 	 2.5571e-01 	 1.4240e+00 	 2.9931e+00 	 6.4139e-01 	 1.2764e-02 	2 	 361 	 50 	 2.000e-01 	 2.000e-01 	 2.000e-01  	 1.581e-07  	 1.000e-08 	 1.2e+01 	 4.0e+01 	 5.7e+01	 1.3e+02
5 	 -1.4069e-02 	 1.9401e+00 	 3.1225e+00 	 -0.0000e+00 	 -0.0000e+00 	2 	 361 	 50 	 2.000e-01 	 2.000e-01 	 2.000e-01  	 1.581e-07  	 1.000e-08 	 0.0e+00 	 0.0e+00 	 0.0e+00	 1.3e+02
0 	 1.2764e-01 	 1.6690e+00 	 3.3036e+00 	 8.9386e-01 	 3.9381e-02 	2 	 362 	 50 	 2.000e-01 	 2.000e-01 	 2.000e-01  	 1.581e-07  	 1.000e-08 	 0.0e+00 	 0.0e+00 	 0.0e+00	 1.6e+02
1 	 1.4960e-01 	 1.6270e+00 	 3.3288e+00 	 7.4839e-01 	 1.9487e-02 	2 	 362 	 50 	 2.000e-01 	 2.000e-01 	 2.000e-01  	 1.581e-07  	 1.000e-08 	 1.0e-01 	 2.5e-01 	 3.7e-01	 1.6e+02
2 	 1.8419e-01 	 1.5608e+00 	 3.2594e+00 	 6.5844e-01 	 1.1609e-02 	2 	 362 	 50 	 2.000e-01 	 2.000e-01 	 2.000e-01  	 1.581e-07  	 1.000e-08 	 1.5e-01 	 3.5e-01 	 5.3e-01	 1.6e+02
3 	 1.8426e-01 	 1.5607e+00 	 3.2596e+00 	 6.5840e-01 	 1.1605e-02 	2 	 362 	 50 	 2.000e-01 	 2.000e-01 	 2.000e-01  	 1.581e-07  	 1.000e-08 	 1.1e+01 	 7.8e+01 	 9.4e+01	 1.6e+02
5 	 -1.4069e-02 	 1.9401e+00 	 3.1225e+00 	 -0.0000e+00 	 -0.0000e+00 	2 	 362 	 50 	 2.000e-01 	 2.000e-01 	 2.000e-01  	 1.581e-07  	 1.000e-08 	 0.0e+00 	 0.0e+00 	 0.0e+00	 1.6e+02
0 	 1.4441e-01 	 1.6369e+00 	 3.2761e+00 	 6.4873e-01 	 3.4120e-02 	2 	 363 	 50 	 2.000e-01 	 2.000e-01 	 2.000e-01  	 1.581e-07  	 1.000e-08 	 0.0e+00 	 0.0e+00 	 0.0e+00	 1.8e+02
1 	 1.6332e-01 	 1.6007e+00 	 3.1698e+00 	 6.0834e-01 	 1.8117e-02 	2 	 363 	 50 	 2.000e-01 	 2.000e-01 	 2.000e-01  	 1.581e-07  	 1.000e-08 	 1.1e-01 	 2.4e-01 	 3.7e-01	 1.8e+02
2 	 1.9497e-01 	 1.5402e+00 	 3.1467e+00 	 5.8414e-01 	 1.0782e-02 	2 	 363 	 50 	 2.000e-01 	 2.000e-01 	 2.000e-01  	 1.581e-07  	 1.000e-08 	 1.6e-01 	 3.2e-01 	 5.1e-01	 1.8e+02
3 	 1.9497e-01 	 1.5402e+00 	 3.1468e+00 	 5.8414e-01 	 1.0782e-02 	2 	 363 	 50 	 2.000e-01 	 2.000e-01 	 2.000e-01  	 1.581e-07  	 1.000e-08 	 1.1e+01 	 9.4e+01 	 1.1e+02	 1.8e+02
5 	 -1.4069e-02 	 1.9401e+00 	 3.1225e+00 	 -0.0000e+00 	 -0.0000e+00 	2 	 363 	 50 	 2.000e-01 	 2.000e-01 	 2.000e-01  	 1.581e-07  	 1.000e-08 	 0.0e+00 	 0.0e+00 	 0.0e+00	 1.8e+02
0 	 1.3072e-01 	 1.6631e+00 	 3.2258e+00 	 7.0979e-01 	 4.1316e-02 	2 	 358 	 50 	 2.000e-01 	 2.000e-01 	 2.000e-01  	 1.581e-07  	 1.000e-08 	 0.0e+00 	 0.0e+00 	 0.0e+00	 1.2e+02
1 	 1.5757e-01 	 1.6117e+00 	 3.3055e+00 	 5.2858e-01 	 2.0846e-02 	2 	 358 	 50 	 2.000e-01 	 2.000e-01 	 2.000e-01  	 1.581e-07  	 1.000e-08 	 1.0e-01 	 2.4e-01 	 3.7e-01	 1.2e+02
2 	 1.8732e-01 	 1.5548e+00 	 3.3228e+00 	 5.9521e-01 	 1.3267e-02 	2 	 358 	 50 	 2.000e-01 	 2.000e-01 	 2.000e-01  	 1.581e-07  	 1.000e-08 	 1.5e-01 	 3.4e-01 	 5.1e-01	 1.2e+02
3 	 1.8732e-01 	 1.5548e+00 	 3.3228e+00 	 5.9522e-01 	 1.3268e-02 	2 	 358 	 50 	 2.000e-01 	 2.000e-01 	 2.000e-01  	 1.581e-07  	 1.000e-08 	 1.1e+01 	 3.6e+01 	 5.1e+01	 1.2e+02
5 	 -1.4069e-02 	 1.9401e+00 	 3.1225e+00 	 -0.0000e+00 	 -0.0000e+00 	2 	 358 	 50 	 2.000e-01 	 2.000e-01 	 2.000e-01  	 1.581e-07  	 1.000e-08 	 0.0e+00 	 0.0e+00 	 0.0e+00	 1.2e+02
0 	 1.1727e-01 	 1.6888e+00 	 3.3137e+00 	 8.3751e-01 	 3.5082e-02 	2 	 361 	 50 	 2.000e-01 	 2.000e-01 	 2.000e-01  	 1.581e-07  	 1.000e-08 	 0.0e+00 	 0.0e+00 	 0.0e+00	 1.2e+02
1 	 1.3616e-01 	 1.6527e+00 	 3.2890e+00 	 5.2596e-01 	 1.7090e-02 	2 	 361 	 50 	 2.000e-01 	 2.000e-01 	 2.000e-01  	 1.581e-07  	 1.000e-08 	 1.1e-01 	 2.4e-01 	 3.7e-01	 1.2e+02
2 	 1.6529e-01 	 1.5970e+00 	 3.1375e+00 	 3.9913e-01 	 1.0869e-02 	2 	 361 	 50 	 2.000e-01 	 2.000e-01 	 2.000e-01  	 1.581e-07  	 1.000e-08 	 1.5e-01 	 3.2e-01 	 5.1e-01	 1.2e+02
3 	 1.6529e-01 	 1.5969e+00 	 3.1375e+00 	 3.9911e-01 	 1.0869e-02 	2 	 361 	 50 	 2.000e-01 	 2.000e-01 	 2.000e-01  	 1.581e-07  	 1.000e-08 	 1.1e+01 	 3.8e+01 	 5.4e+01	 1.2e+02
5 	 -1.4069e-02 	 1.9401e+00 	 3.1225e+00 	 -0.0000e+00 	 -0.0000e+00 	2 	 361 	 50 	 2.000e-01 	 2.000e-01 	 2.000e-01  	 1.581e-07  	 1.000e-08 	 0.0e+00 	 0.0e+00 	 0.0e+00	 1.2e+02
0 	 1.4806e-01 	 1.6299e+00 	 3.1955e+00 	 7.6896e-01 	 4.1519e-02 	3 	 4115 	 50 	 2.000e-01 	 2.000e-01 	 2.000e-01  	 1.581e-07  	 1.000e-08 	 0.0e+00 	 0.0e+00 	 0.0e+00	 1.1e+03
1 	 2.1891e-01 	 1.4944e+00 	 3.0190e+00 	 4.0388e-01 	 2.7114e-03 	3 	 4115 	 50 	 2.000e-01 	 2.000e-01 	 2.000e-01  	 1.581e-07  	 1.000e-08 	 7.0e+00 	 4.9e+01 	 5.8e+01	 1.1e+03
2 	 1.6544e-01 	 1.5967e+00 	 3.0037e+00 	 2.5476e-01 	 1.7397e-03 	3 	 4115 	 50 	 2.000e-01 	 2.000e-01 	 2.000e-01  	 1.581e-07  	 1.000e-08 	 1.0e+01 	 5.5e+01 	 6.8e+01	 1.1e+03
5 	 -1.4069e-02 	 1.9401e+00 	 3.1225e+00 	 -0.0000e+00 	 -0.0000e+00 	3 	 4115 	 50 	 2.000e-01 	 2.000e-01 	 2.000e-01  	 1.581e-07  	 1.000e-08 	 0.0e+00 	 0.0e+00 	 0.0e+00	 1.1e+03
0 	 1.4806e-01 	 1.6299e+00 	 3.1955e+00 	 7.6896e-01 	 4.1519e-02 	3 	 4115 	 150 	 2.000e-01 	 2.000e-01 	 2.000e-01  	 1.581e-07  	 1.000e-08 	 0.0e+00 	 0.0e+00 	 0.0e+00	 1.2e+03
1 	 2.1891e-01 	 1.4944e+00 	 3.0190e+00 	 4.0388e-01 	 2.7114e-03 	3 	 4115 	 150 	 2.000e-01 	 2.000e-01 	 2.000e-01  	 1.581e-07  	 1.000e-08 	 6.6e+00 	 5.1e+01 	 5.9e+01	 1.2e+03
2 	 2.4381e-01 	 1.4467e+00 	 2.9575e+00 	 3.7624e-01 	 1.3570e-03 	3 	 4115 	 150 	 2.000e-01 	 2.000e-01 	 2.000e-01  	 1.581e-07  	 1.000e-08 	 1.0e+01 	 6.0e+01 	 7.2e+01	 1.2e+03
5 	 -1.4069e-02 	 1.9401e+00 	 3.1225e+00 	 -0.0000e+00 	 -0.0000e+00 	3 	 4115 	 150 	 2.000e-01 	 2.000e-01 	 2.000e-01  	 1.581e-07  	 1.000e-08 	 0.0e+00 	 0.0e+00 	 0.0e+00	 1.2e+03
0 	 1.4806e-01 	 1.6299e+00 	 3.1955e+00 	 7.6896e-01 	 4.1519e-02 	3 	 4115 	 200 	 2.000e-01 	 2.000e-01 	 2.000e-01  	 1.581e-07  	 1.000e-08 	 0.0e+00 	 0.0e+00 	 0.0e+00	 1.3e+03
1 	 2.1891e-01 	 1.4944e+00 	 3.0190e+00 	 4.0388e-01 	 2.7114e-03 	3 	 4115 	 200 	 2.000e-01 	 2.000e-01 	 2.000e-01  	 1.581e-07  	 1.000e-08 	 6.9e+00 	 4.9e+01 	 5.8e+01	 1.3e+03
2 	 2.3515e-01 	 1.4633e+00 	 2.9752e+00 	 3.8233e-01 	 1.5823e-03 	3 	 4115 	 200 	 2.000e-01 	 2.000e-01 	 2.000e-01  	 1.581e-07  	 1.000e-08 	 1.1e+01 	 6.0e+01 	 7.2e+01	 1.3e+03
5 	 -1.4069e-02 	 1.9401e+00 	 3.1225e+00 	 -0.0000e+00 	 -0.0000e+00 	3 	 4115 	 200 	 2.000e-01 	 2.000e-01 	 2.000e-01  	 1.581e-07  	 1.000e-08 	 0.0e+00 	 0.0e+00 	 0.0e+00	 1.3e+03
0 	 1.4747e-01 	 1.6310e+00 	 3.6083e+00 	 5.8874e-01 	 4.6574e-02 	3 	 4103 	 50 	 2.000e-01 	 2.000e-01 	 2.000e-01  	 1.581e-07  	 1.000e-08 	 0.0e+00 	 0.0e+00 	 0.0e+00	 1.0e+03
1 	 2.2261e-01 	 1.4873e+00 	 3.2878e+00 	 1.9319e-01 	 3.2663e-03 	3 	 4103 	 50 	 2.000e-01 	 2.000e-01 	 2.000e-01  	 1.581e-07  	 1.000e-08 	 6.5e+00 	 4.6e+01 	 5.3e+01	 1.0e+03
2 	 2.5219e-01 	 1.4307e+00 	 3.0314e+00 	 2.8024e-01 	 1.4829e-03 	3 	 4103 	 50 	 2.000e-01 	 2.000e-01 	 2.000e-01  	 1.581e-07  	 1.000e-08 	 9.7e+00 	 6.4e+01 	 7.5e+01	 1.0e+03
5 	 -1.4069e-02 	 1.9401e+00 	 3.1225e+00 	 -0.0000e+00 	 -0.0000e+00 	3 	 4103 	 50 	 2.000e-01 	 2.000e-01 	 2.000e-01  	 1.581e-07  	 1.000e-08 	 0.0e+00 	 0.0e+00 	 0.0e+00	 1.0e+03
0 	 1.4747e-01 	 1.6310e+00 	 3.6083e+00 	 5.8874e-01 	 4.6574e-02 	3 	 4103 	 150 	 2.000e-01 	 2.000e-01 	 2.000e-01  	 1.581e-07  	 1.000e-08 	 0.0e+00 	 0.0e+00 	 0.0e+00	 1.2e+03
1 	 2.2261e-01 	 1.4873e+00 	 3.2878e+00 	 1.9319e-01 	 3.2663e-03 	3 	 4103 	 150 	 2.000e-01 	 2.000e-01 	 2.000e-01  	 1.581e-07  	 1.000e-08 	 6.5e+00 	 4.5e+01 	 5.3e+01	 1.2e+03
2 	 2.4145e-01 	 1.4513e+00 	 3.2670e+00 	 1.7037e-01 	 1.4896e-03 	3 	 4103 	 150 	 2.000e-01 	 2.000e-01 	 2.000e-01  	 1.581e-07  	 1.000e-08 	 9.7e+00 	 5.7e+01 	 6.8e+01	 1.2e+03
5 	 -1.4069e-02 	 1.9401e+00 	 3.1225e+00 	 -0.0000e+00 	 -0.0000e+00 	3 	 4103 	 150 	 2.000e-01 	 2.000e-01 	 2.000e-01  	 1.581e-07  	 1.000e-08 	 0.0e+00 	 0.0e+00 	 0.0e+00	 1.2e+03
0 	 1.4747e-01 	 1.6310e+00 	 3.6083e+00 	 5.8874e-01 	 4.6574e-02 	3 	 4103 	 200 	 2.000e-01 	 2.000e-01 	 2.000e-01  	 1.581e-07  	 1.000e-08 	 0.0e+00 	 0.0e+00 	 0.0e+00	 1.3e+03
1 	 2.2261e-01 	 1.4873e+00 	 3.2878e+00 	 1.9319e-01 	 3.2663e-03 	3 	 4103 	 200 	 2.000e-01 	 2.000e-01 	 2.000e-01  	 1.581e-07  	 1.000e-08 	 6.5e+00 	 4.6e+01 	 5.4e+01	 1.3e+03
2 	 2.3482e-01 	 1.4639e+00 	 3.2812e+00 	 1.7457e-01 	 1.8154e-03 	3 	 4103 	 200 	 2.000e-01 	 2.000e-01 	 2.000e-01  	 1.581e-07  	 1.000e-08 	 9.7e+00 	 6.6e+01 	 7.7e+01	 1.3e+03
5 	 -1.4069e-02 	 1.9401e+00 	 3.1225e+00 	 -0.0000e+00 	 -0.0000e+00 	3 	 4103 	 200 	 2.000e-01 	 2.000e-01 	 2.000e-01  	 1.581e-07  	 1.000e-08 	 0.0e+00 	 0.0e+00 	 0.0e+00	 1.3e+03
0 	 1.3421e-01 	 1.6564e+00 	 3.3078e+00 	 6.2336e-01 	 3.4583e-02 	3 	 4101 	 50 	 2.000e-01 	 2.000e-01 	 2.000e-01  	 1.581e-07  	 1.000e-08 	 0.0e+00 	 0.0e+00 	 0.0e+00	 1.0e+03
1 	 2.0014e-01 	 1.5303e+00 	 3.2006e+00 	 3.6398e-01 	 2.6768e-03 	3 	 4101 	 50 	 2.000e-01 	 2.000e-01 	 2.000e-01  	 1.581e-07  	 1.000e-08 	 6.5e+00 	 4.4e+01 	 5.2e+01	 1.0e+03
2 	 2.6432e-01 	 1.4075e+00 	 2.8654e+00 	 3.4774e-01 	 1.2878e-03 	3 	 4101 	 50 	 2.000e-01 	 2.000e-01 	 2.000e-01  	 1.581e-07  	 1.000e-08 	 9.7e+00 	 6.7e+01 	 7.8e+01	 1.0e+03
5 	 -1.4069e-02 	 1.9401e+00 	 3.1225e+00 	 -0.0000e+00 	 -0.0000e+00 	3 	 4101 	 50 	 2.000e-01 	 2.000e-01 	 2.000e-01  	 1.581e-07  	 1.000e-08 	 0.0e+00 	 0.0e+00 	 0.0e+00	 1.0e+03
0 	 1.3421e-01 	 1.6564e+00 	 3.3078e+00 	 6.2336e-01 	 3.4583e-02 	3 	 4101 	 150 	 2.000e-01 	 2.000e-01 	 2.000e-01  	 1.581e-07  	 1.000e-08 	 0.0e+00 	 0.0e+00 	 0.0e+00	 1.2e+03
1 	 2.0014e-01 	 1.5303e+00 	 3.2006e+00 	 3.6398e-01 	 2.6768e-03 	3 	 4101 	 150 	 2.000e-01 	 2.000e-01 	 2.000e-01  	 1.581e-07  	 1.000e-08 	 6.5e+00 	 4.4e+01 	 5.2e+01	 1.2e+03
2 	 2.1708e-01 	 1.4979e+00 	 3.1508e+00 	 3.0759e-01 	 1.2913e-03 	3 	 4101 	 150 	 2.000e-01 	 2.000e-01 	 2.000e-01  	 1.581e-07  	 1.000e-08 	 9.7e+00 	 6.4e+01 	 7.6e+01	 1.2e+03
5 	 -1.4069e-02 	 1.9401e+00 	 3.1225e+00 	 -0.0000e+00 	 -0.0000e+00 	3 	 4101 	 150 	 2.000e-01 	 2.000e-01 	 2.000e-01  	 1.581e-07  	 1.000e-08 	 0.0e+00 	 0.0e+00 	 0.0e+00	 1.2e+03
0 	 1.3421e-01 	 1.6564e+00 	 3.3078e+00 	 6.2336e-01 	 3.4583e-02 	3 	 4101 	 200 	 2.000e-01 	 2.000e-01 	 2.000e-01  	 1.581e-07  	 1.000e-08 	 0.0e+00 	 0.0e+00 	 0.0e+00	 1.3e+03
1 	 2.0014e-01 	 1.5303e+00 	 3.2006e+00 	 3.6398e-01 	 2.6768e-03 	3 	 4101 	 200 	 2.000e-01 	 2.000e-01 	 2.000e-01  	 1.581e-07  	 1.000e-08 	 6.5e+00 	 4.4e+01 	 5.2e+01	 1.3e+03
2 	 2.1229e-01 	 1.5070e+00 	 3.1624e+00 	 3.2340e-01 	 1.5684e-03 	3 	 4101 	 200 	 2.000e-01 	 2.000e-01 	 2.000e-01  	 1.581e-07  	 1.000e-08 	 9.7e+00 	 6.1e+01 	 7.2e+01	 1.3e+03
5 	 -1.4069e-02 	 1.9401e+00 	 3.1225e+00 	 -0.0000e+00 	 -0.0000e+00 	3 	 4101 	 200 	 2.000e-01 	 2.000e-01 	 2.000e-01  	 1.581e-07  	 1.000e-08 	 0.0e+00 	 0.0e+00 	 0.0e+00	 1.3e+03
0 	 1.7382e-01 	 1.5806e+00 	 3.3575e+00 	 6.6158e-01 	 4.3165e-02 	3 	 4106 	 50 	 2.000e-01 	 2.000e-01 	 2.000e-01  	 1.581e-07  	 1.000e-08 	 0.0e+00 	 0.0e+00 	 0.0e+00	 1.0e+03
1 	 2.5936e-01 	 1.4170e+00 	 3.2412e+00 	 2.0000e-01 	 3.3920e-03 	3 	 4106 	 50 	 2.000e-01 	 2.000e-01 	 2.000e-01  	 1.581e-07  	 1.000e-08 	 6.4e+00 	 4.5e+01 	 5.3e+01	 1.0e+03
2 	 3.1643e-01 	 1.3078e+00 	 3.1133e+00 	 1.8001e-01 	 1.2890e-03 	3 	 4106 	 50 	 2.000e-01 	 2.000e-01 	 2.000e-01  	 1.581e-07  	 1.000e-08 	 9.7e+00 	 5.8e+01 	 6.9e+01	 1.0e+03
5 	 -1.4069e-02 	 1.9401e+00 	 3.1225e+00 	 -0.0000e+00 	 -0.0000e+00 	3 	 4106 	 50 	 2.000e-01 	 2.000e-01 	 2.000e-01  	 1.581e-07  	 1.000e-08 	 0.0e+00 	 0.0e+00 	 0.0e+00	 1.0e+03
0 	 1.7382e-01 	 1.5806e+00 	 3.3575e+00 	 6.6158e-01 	 4.3165e-02 	3 	 4106 	 150 	 2.000e-01 	 2.000e-01 	 2.000e-01  	 1.581e-07  	 1.000e-08 	 0.0e+00 	 0.0e+00 	 0.0e+00	 1.2e+03
1 	 2.5936e-01 	 1.4170e+00 	 3.2412e+00 	 2.0000e-01 	 3.3920e-03 	3 	 4106 	 150 	 2.000e-01 	 2.000e-01 	 2.000e-01  	 1.581e-07  	 1.000e-08 	 6.4e+00 	 4.5e+01 	 5.3e+01	 1.2e+03
2 	 2.7885e-01 	 1.3797e+00 	 3.1580e+00 	 1.8059e-01 	 1.6638e-03 	3 	 4106 	 150 	 2.000e-01 	 2.000e-01 	 2.000e-01  	 1.581e-07  	 1.000e-08 	 9.7e+00 	 5.7e+01 	 6.8e+01	 1.2e+03
5 	 -1.4069e-02 	 1.9401e+00 	 3.1225e+00 	 -0.0000e+00 	 -0.0000e+00 	3 	 4106 	 150 	 2.000e-01 	 2.000e-01 	 2.000e-01  	 1.581e-07  	 1.000e-08 	 0.0e+00 	 0.0e+00 	 0.0e+00	 1.2e+03
0 	 1.7382e-01 	 1.5806e+00 	 3.3575e+00 	 6.6158e-01 	 4.3165e-02 	3 	 4106 	 200 	 2.000e-01 	 2.000e-01 	 2.000e-01  	 1.581e-07  	 1.000e-08 	 0.0e+00 	 0.0e+00 	 0.0e+00	 1.3e+03
1 	 2.5936e-01 	 1.4170e+00 	 3.2412e+00 	 2.0000e-01 	 3.3920e-03 	3 	 4106 	 200 	 2.000e-01 	 2.000e-01 	 2.000e-01  	 1.581e-07  	 1.000e-08 	 6.4e+00 	 4.5e+01 	 5.3e+01	 1.3e+03
2 	 2.7239e-01 	 1.3920e+00 	 3.1859e+00 	 1.8362e-01 	 1.9952e-03 	3 	 4106 	 200 	 2.000e-01 	 2.000e-01 	 2.000e-01  	 1.581e-07  	 1.000e-08 	 9.7e+00 	 5.6e+01 	 6.8e+01	 1.3e+03
5 	 -1.4069e-02 	 1.9401e+00 	 3.1225e+00 	 -0.0000e+00 	 -0.0000e+00 	3 	 4106 	 200 	 2.000e-01 	 2.000e-01 	 2.000e-01  	 1.581e-07  	 1.000e-08 	 0.0e+00 	 0.0e+00 	 0.0e+00	 1.3e+03
0 	 1.4192e-01 	 1.6417e+00 	 3.1843e+00 	 6.0572e-01 	 3.8037e-02 	3 	 4109 	 50 	 2.000e-01 	 2.000e-01 	 2.000e-01  	 1.581e-07  	 1.000e-08 	 0.0e+00 	 0.0e+00 	 0.0e+00	 1.0e+03
1 	 1.9836e-01 	 1.5337e+00 	 3.0592e+00 	 2.1431e-01 	 3.3964e-03 	3 	 4109 	 50 	 2.000e-01 	 2.000e-01 	 2.000e-01  	 1.581e-07  	 1.000e-08 	 6.5e+00 	 4.5e+01 	 5.3e+01	 1.0e+03
2 	 2.8309e-01 	 1.3716e+00 	 2.9436e+00 	 1.9521e-01 	 1.7178e-03 	3 	 4109 	 50 	 2.000e-01 	 2.000e-01 	 2.000e-01  	 1.581e-07  	 1.000e-08 	 9.7e+00 	 5.6e+01 	 6.7e+01	 1.0e+03
5 	 -1.4069e-02 	 1.9401e+00 	 3.1225e+00 	 -0.0000e+00 	 -0.0000e+00 	3 	 4109 	 50 	 2.000e-01 	 2.000e-01 	 2.000e-01  	 1.581e-07  	 1.000e-08 	 0.0e+00 	 0.0e+00 	 0.0e+00	 1.0e+03
0 	 1.4192e-01 	 1.6417e+00 	 3.1843e+00 	 6.0572e-01 	 3.8037e-02 	3 	 4109 	 150 	 2.000e-01 	 2.000e-01 	 2.000e-01  	 1.581e-07  	 1.000e-08 	 0.0e+00 	 0.0e+00 	 0.0e+00	 1.2e+03
1 	 1.9836e-01 	 1.5337e+00 	 3.0592e+00 	 2.1431e-01 	 3.3964e-03 	3 	 4109 	 150 	 2.000e-01 	 2.000e-01 	 2.000e-01  	 1.581e-07  	 1.000e-08 	 6.5e+00 	 4.5e+01 	 5.3e+01	 1.2e+03
2 	 2.2018e-01 	 1.4919e+00 	 3.0358e+00 	 1.8909e-01 	 1.6625e-03 	3 	 4109 	 150 	 2.000e-01 	 2.000e-01 	 2.000e-01  	 1.581e-07  	 1.000e-08 	 9.7e+00 	 5.5e+01 	 6.7e+01	 1.2e+03
5 	 -1.4069e-02 	 1.9401e+00 	 3.1225e+00 	 -0.0000e+00 	 -0.0000e+00 	3 	 4109 	 150 	 2.000e-01 	 2.000e-01 	 2.000e-01  	 1.581e-07  	 1.000e-08 	 0.0e+00 	 0.0e+00 	 0.0e+00	 1.2e+03
0 	 1.4192e-01 	 1.6417e+00 	 3.1843e+00 	 6.0572e-01 	 3.8037e-02 	3 	 4109 	 200 	 2.000e-01 	 2.000e-01 	 2.000e-01  	 1.581e-07  	 1.000e-08 	 0.0e+00 	 0.0e+00 	 0.0e+00	 1.3e+03
1 	 1.9836e-01 	 1.5337e+00 	 3.0592e+00 	 2.1431e-01 	 3.3964e-03 	3 	 4109 	 200 	 2.000e-01 	 2.000e-01 	 2.000e-01  	 1.581e-07  	 1.000e-08 	 6.5e+00 	 4.5e+01 	 5.3e+01	 1.3e+03
2 	 2.1322e-01 	 1.5053e+00 	 3.0418e+00 	 1.9224e-01 	 1.9844e-03 	3 	 4109 	 200 	 2.000e-01 	 2.000e-01 	 2.000e-01  	 1.581e-07  	 1.000e-08 	 9.7e+00 	 5.6e+01 	 6.7e+01	 1.3e+03
5 	 -1.4069e-02 	 1.9401e+00 	 3.1225e+00 	 -0.0000e+00 	 -0.0000e+00 	3 	 4109 	 200 	 2.000e-01 	 2.000e-01 	 2.000e-01  	 1.581e-07  	 1.000e-08 	 0.0e+00 	 0.0e+00 	 0.0e+00	 1.3e+03
0 	 2.0331e-01 	 1.5242e+00 	 3.1999e+00 	 5.2868e-01 	 4.1179e-02 	3 	 4079 	 50 	 2.000e-01 	 2.000e-01 	 2.000e-01  	 1.581e-07  	 1.000e-08 	 0.0e+00 	 0.0e+00 	 0.0e+00	 1.0e+03
1 	 2.6705e-01 	 1.4023e+00 	 3.0927e+00 	 2.0802e-01 	 3.0728e-03 	3 	 4079 	 50 	 2.000e-01 	 2.000e-01 	 2.000e-01  	 1.581e-07  	 1.000e-08 	 6.3e+00 	 4.2e+01 	 4.9e+01	 1.0e+03
2 	 3.9846e-01 	 1.1509e+00 	 2.7771e+00 	 2.1408e-01 	 1.1072e-03 	3 	 4079 	 50 	 2.000e-01 	 2.000e-01 	 2.000e-01  	 1.581e-07  	 1.000e-08 	 9.6e+00 	 6.0e+01 	 7.1e+01	 1.0e+03
5 	 -1.4069e-02 	 1.9401e+00 	 3.1225e+00 	 -0.0000e+00 	 -0.0000e+00 	3 	 4079 	 50 	 2.000e-01 	 2.000e-01 	 2.000e-01  	 1.581e-07  	 1.000e-08 	 0.0e+00 	 0.0e+00 	 0.0e+00	 1.0e+03
0 	 2.0331e-01 	 1.5242e+00 	 3.1999e+00 	 5.2868e-01 	 4.1179e-02 	3 	 4079 	 150 	 2.000e-01 	 2.000e-01 	 2.000e-01  	 1.581e-07  	 1.000e-08 	 0.0e+00 	 0.0e+00 	 0.0e+00	 1.1e+03
1 	 2.6705e-01 	 1.4023e+00 	 3.0927e+00 	 2.0802e-01 	 3.0728e-03 	3 	 4079 	 150 	 2.000e-01 	 2.000e-01 	 2.000e-01  	 1.581e-07  	 1.000e-08 	 6.4e+00 	 4.2e+01 	 5.0e+01	 1.1e+03
2 	 2.8692e-01 	 1.3643e+00 	 3.0698e+00 	 1.8809e-01 	 1.4170e-03 	3 	 4079 	 150 	 2.000e-01 	 2.000e-01 	 2.000e-01  	 1.581e-07  	 1.000e-08 	 9.6e+00 	 5.1e+01 	 6.2e+01	 1.1e+03
5 	 -1.4069e-02 	 1.9401e+00 	 3.1225e+00 	 -0.0000e+00 	 -0.0000e+00 	3 	 4079 	 150 	 2.000e-01 	 2.000e-01 	 2.000e-01  	 1.581e-07  	 1.000e-08 	 0.0e+00 	 0.0e+00 	 0.0e+00	 1.1e+03
0 	 2.0331e-01 	 1.5242e+00 	 3.1999e+00 	 5.2868e-01 	 4.1179e-02 	3 	 4079 	 200 	 2.000e-01 	 2.000e-01 	 2.000e-01  	 1.581e-07  	 1.000e-08 	 0.0e+00 	 0.0e+00 	 0.0e+00	 1.3e+03
1 	 2.6705e-01 	 1.4023e+00 	 3.0927e+00 	 2.0802e-01 	 3.0728e-03 	3 	 4079 	 200 	 2.000e-01 	 2.000e-01 	 2.000e-01  	 1.581e-07  	 1.000e-08 	 6.3e+00 	 4.1e+01 	 4.9e+01	 1.3e+03
2 	 2.8124e-01 	 1.3751e+00 	 3.0778e+00 	 1.9159e-01 	 1.6932e-03 	3 	 4079 	 200 	 2.000e-01 	 2.000e-01 	 2.000e-01  	 1.581e-07  	 1.000e-08 	 9.7e+00 	 5.3e+01 	 6.4e+01	 1.3e+03
5 	 -1.4069e-02 	 1.9401e+00 	 3.1225e+00 	 -0.0000e+00 	 -0.0000e+00 	3 	 4079 	 200 	 2.000e-01 	 2.000e-01 	 2.000e-01  	 1.581e-07  	 1.000e-08 	 0.0e+00 	 0.0e+00 	 0.0e+00	 1.3e+03
0 	 1.0446e-01 	 1.7133e+00 	 3.5241e+00 	 6.0535e-01 	 3.6787e-02 	3 	 4093 	 50 	 2.000e-01 	 2.000e-01 	 2.000e-01  	 1.581e-07  	 1.000e-08 	 0.0e+00 	 0.0e+00 	 0.0e+00	 1.0e+03
1 	 1.6305e-01 	 1.6012e+00 	 3.2806e+00 	 2.2499e-01 	 3.0849e-03 	3 	 4093 	 50 	 2.000e-01 	 2.000e-01 	 2.000e-01  	 1.581e-07  	 1.000e-08 	 6.5e+00 	 4.1e+01 	 4.9e+01	 1.0e+03
2 	 2.8942e-01 	 1.3595e+00 	 3.2425e+00 	 1.8182e-01 	 1.3871e-03 	3 	 4093 	 50 	 2.000e-01 	 2.000e-01 	 2.000e-01  	 1.581e-07  	 1.000e-08 	 9.7e+00 	 5.1e+01 	 6.3e+01	 1.0e+03
5 	 -1.4069e-02 	 1.9401e+00 	 3.1225e+00 	 -0.0000e+00 	 -0.0000e+00 	3 	 4093 	 50 	 2.000e-01 	 2.000e-01 	 2.000e-01  	 1.581e-07  	 1.000e-08 	 0.0e+00 	 0.0e+00 	 0.0e+00	 1.0e+03
0 	 1.0446e-01 	 1.7133e+00 	 3.5241e+00 	 6.0535e-01 	 3.6787e-02 	3 	 4093 	 150 	 2.000e-01 	 2.000e-01 	 2.000e-01  	 1.581e-07  	 1.000e-08 	 0.0e+00 	 0.0e+00 	 0.0e+00	 1.1e+03
1 	 1.6305e-01 	 1.6012e+00 	 3.2806e+00 	 2.2499e-01 	 3.0849e-03 	3 	 4093 	 150 	 2.000e-01 	 2.000e-01 	 2.000e-01  	 1.581e-07  	 1.000e-08 	 6.5e+00 	 4.1e+01 	 4.9e+01	 1.1e+03
2 	 1.8200e-01 	 1.5650e+00 	 3.2215e+00 	 1.8118e-01 	 1.7126e-03 	3 	 4093 	 150 	 2.000e-01 	 2.000e-01 	 2.000e-01  	 1.581e-07  	 1.000e-08 	 9.7e+00 	 5.7e+01 	 6.9e+01	 1.1e+03
5 	 -1.4069e-02 	 1.9401e+00 	 3.1225e+00 	 -0.0000e+00 	 -0.0000e+00 	3 	 4093 	 150 	 2.000e-01 	 2.000e-01 	 2.000e-01  	 1.581e-07  	 1.000e-08 	 0.0e+00 	 0.0e+00 	 0.0e+00	 1.1e+03
0 	 1.0446e-01 	 1.7133e+00 	 3.5241e+00 	 6.0535e-01 	 3.6787e-02 	3 	 4093 	 200 	 2.000e-01 	 2.000e-01 	 2.000e-01  	 1.581e-07  	 1.000e-08 	 0.0e+00 	 0.0e+00 	 0.0e+00	 1.3e+03
1 	 1.6305e-01 	 1.6012e+00 	 3.2806e+00 	 2.2499e-01 	 3.0849e-03 	3 	 4093 	 200 	 2.000e-01 	 2.000e-01 	 2.000e-01  	 1.581e-07  	 1.000e-08 	 6.5e+00 	 4.1e+01 	 4.9e+01	 1.3e+03
2 	 1.7618e-01 	 1.5761e+00 	 3.2407e+00 	 1.9210e-01 	 1.9635e-03 	3 	 4093 	 200 	 2.000e-01 	 2.000e-01 	 2.000e-01  	 1.581e-07  	 1.000e-08 	 9.6e+00 	 5.1e+01 	 6.3e+01	 1.3e+03
5 	 -1.4069e-02 	 1.9401e+00 	 3.1225e+00 	 -0.0000e+00 	 -0.0000e+00 	3 	 4093 	 200 	 2.000e-01 	 2.000e-01 	 2.000e-01  	 1.581e-07  	 1.000e-08 	 0.0e+00 	 0.0e+00 	 0.0e+00	 1.3e+03
0 	 1.6745e-01 	 1.5928e+00 	 3.2223e+00 	 5.8624e-01 	 3.8862e-02 	3 	 4086 	 50 	 2.000e-01 	 2.000e-01 	 2.000e-01  	 1.581e-07  	 1.000e-08 	 0.0e+00 	 0.0e+00 	 0.0e+00	 1.0e+03
1 	 2.2795e-01 	 1.4771e+00 	 3.1791e+00 	 3.3528e-01 	 3.2471e-03 	3 	 4086 	 50 	 2.000e-01 	 2.000e-01 	 2.000e-01  	 1.581e-07  	 1.000e-08 	 6.4e+00 	 5.2e+01 	 6.0e+01	 1.0e+03
2 	 3.4366e-01 	 1.2557e+00 	 2.8976e+00 	 1.9919e-01 	 1.5954e-03 	3 	 4086 	 50 	 2.000e-01 	 2.000e-01 	 2.000e-01  	 1.581e-07  	 1.000e-08 	 9.7e+00 	 5.3e+01 	 6.4e+01	 1.0e+03
5 	 -1.4069e-02 	 1.9401e+00 	 3.1225e+00 	 -0.0000e+00 	 -0.0000e+00 	3 	 4086 	 50 	 2.000e-01 	 2.000e-01 	 2.000e-01  	 1.581e-07  	 1.000e-08 	 0.0e+00 	 0.0e+00 	 0.0e+00	 1.0e+03
0 	 1.6745e-01 	 1.5928e+00 	 3.2223e+00 	 5.8624e-01 	 3.8862e-02 	3 	 4086 	 150 	 2.000e-01 	 2.000e-01 	 2.000e-01  	 1.581e-07  	 1.000e-08 	 0.0e+00 	 0.0e+00 	 0.0e+00	 1.2e+03
1 	 2.2795e-01 	 1.4771e+00 	 3.1791e+00 	 3.3528e-01 	 3.2471e-03 	3 	 4086 	 150 	 2.000e-01 	 2.000e-01 	 2.000e-01  	 1.581e-07  	 1.000e-08 	 6.4e+00 	 5.2e+01 	 6.0e+01	 1.2e+03
2 	 2.5013e-01 	 1.4346e+00 	 3.1623e+00 	 3.0340e-01 	 1.5863e-03 	3 	 4086 	 150 	 2.000e-01 	 2.000e-01 	 2.000e-01  	 1.581e-07  	 1.000e-08 	 9.7e+00 	 6.3e+01 	 7.5e+01	 1.2e+03
5 	 -1.4069e-02 	 1.9401e+00 	 3.1225e+00 	 -0.0000e+00 	 -0.0000e+00 	3 	 4086 	 150 	 2.000e-01 	 2.000e-01 	 2.000e-01  	 1.581e-07  	 1.000e-08 	 0.0e+00 	 0.0e+00 	 0.0e+00	 1.2e+03
0 	 1.6745e-01 	 1.5928e+00 	 3.2223e+00 	 5.8624e-01 	 3.8862e-02 	3 	 4086 	 200 	 2.000e-01 	 2.000e-01 	 2.000e-01  	 1.581e-07  	 1.000e-08 	 0.0e+00 	 0.0e+00 	 0.0e+00	 1.3e+03
1 	 2.2795e-01 	 1.4771e+00 	 3.1791e+00 	 3.3528e-01 	 3.2471e-03 	3 	 4086 	 200 	 2.000e-01 	 2.000e-01 	 2.000e-01  	 1.581e-07  	 1.000e-08 	 6.4e+00 	 5.3e+01 	 6.1e+01	 1.3e+03
2 	 2.4314e-01 	 1.4480e+00 	 3.1649e+00 	 3.1346e-01 	 1.8515e-03 	3 	 4086 	 200 	 2.000e-01 	 2.000e-01 	 2.000e-01  	 1.581e-07  	 1.000e-08 	 9.8e+00 	 6.2e+01 	 7.3e+01	 1.3e+03
5 	 -1.4069e-02 	 1.9401e+00 	 3.1225e+00 	 -0.0000e+00 	 -0.0000e+00 	3 	 4086 	 200 	 2.000e-01 	 2.000e-01 	 2.000e-01  	 1.581e-07  	 1.000e-08 	 0.0e+00 	 0.0e+00 	 0.0e+00	 1.3e+03
0 	 1.5825e-01 	 1.6104e+00 	 3.2802e+00 	 6.9491e-01 	 4.2787e-02 	3 	 4106 	 50 	 2.000e-01 	 2.000e-01 	 2.000e-01  	 1.581e-07  	 1.000e-08 	 0.0e+00 	 0.0e+00 	 0.0e+00	 1.0e+03
1 	 2.2545e-01 	 1.4819e+00 	 3.0577e+00 	 1.9474e-01 	 3.1720e-03 	3 	 4106 	 50 	 2.000e-01 	 2.000e-01 	 2.000e-01  	 1.581e-07  	 1.000e-08 	 6.4e+00 	 4.0e+01 	 4.8e+01	 1.0e+03
2 	 3.4195e-01 	 1.2590e+00 	 2.7392e+00 	 1.5653e-01 	 1.2826e-03 	3 	 4106 	 50 	 2.000e-01 	 2.000e-01 	 2.000e-01  	 1.581e-07  	 1.000e-08 	 9.7e+00 	 5.4e+01 	 6.5e+01	 1.0e+03
5 	 -1.4069e-02 	 1.9401e+00 	 3.1225e+00 	 -0.0000e+00 	 -0.0000e+00 	3 	 4106 	 50 	 2.000e-01 	 2.000e-01 	 2.000e-01  	 1.581e-07  	 1.000e-08 	 0.0e+00 	 0.0e+00 	 0.0e+00	 1.0e+03
0 	 1.5825e-01 	 1.6104e+00 	 3.2802e+00 	 6.9491e-01 	 4.2787e-02 	3 	 4106 	 150 	 2.000e-01 	 2.000e-01 	 2.000e-01  	 1.581e-07  	 1.000e-08 	 0.0e+00 	 0.0e+00 	 0.0e+00	 1.2e+03
1 	 2.2545e-01 	 1.4819e+00 	 3.0577e+00 	 1.9474e-01 	 3.1720e-03 	3 	 4106 	 150 	 2.000e-01 	 2.000e-01 	 2.000e-01  	 1.581e-07  	 1.000e-08 	 6.4e+00 	 4.2e+01 	 5.0e+01	 1.2e+03
2 	 2.4604e-01 	 1.4425e+00 	 3.0242e+00 	 1.2661e-01 	 1.6005e-03 	3 	 4106 	 150 	 2.000e-01 	 2.000e-01 	 2.000e-01  	 1.581e-07  	 1.000e-08 	 9.8e+00 	 6.1e+01 	 7.2e+01	 1.2e+03
5 	 -1.4069e-02 	 1.9401e+00 	 3.1225e+00 	 -0.0000e+00 	 -0.0000e+00 	3 	 4106 	 150 	 2.000e-01 	 2.000e-01 	 2.000e-01  	 1.581e-07  	 1.000e-08 	 0.0e+00 	 0.0e+00 	 0.0e+00	 1.2e+03
0 	 1.5825e-01 	 1.6104e+00 	 3.2802e+00 	 6.9491e-01 	 4.2787e-02 	3 	 4106 	 200 	 2.000e-01 	 2.000e-01 	 2.000e-01  	 1.581e-07  	 1.000e-08 	 0.0e+00 	 0.0e+00 	 0.0e+00	 1.3e+03
1 	 2.2545e-01 	 1.4819e+00 	 3.0577e+00 	 1.9474e-01 	 3.1720e-03 	3 	 4106 	 200 	 2.000e-01 	 2.000e-01 	 2.000e-01  	 1.581e-07  	 1.000e-08 	 6.4e+00 	 4.0e+01 	 4.8e+01	 1.3e+03
2 	 2.3925e-01 	 1.4555e+00 	 3.0361e+00 	 1.4000e-01 	 1.8743e-03 	3 	 4106 	 200 	 2.000e-01 	 2.000e-01 	 2.000e-01  	 1.581e-07  	 1.000e-08 	 9.7e+00 	 5.8e+01 	 6.9e+01	 1.3e+03
5 	 -1.4069e-02 	 1.9401e+00 	 3.1225e+00 	 -0.0000e+00 	 -0.0000e+00 	3 	 4106 	 200 	 2.000e-01 	 2.000e-01 	 2.000e-01  	 1.581e-07  	 1.000e-08 	 0.0e+00 	 0.0e+00 	 0.0e+00	 1.3e+03
0 	 1.4143e-01 	 1.6426e+00 	 3.4316e+00 	 5.3980e-01 	 3.7885e-02 	3 	 4076 	 50 	 2.000e-01 	 2.000e-01 	 2.000e-01  	 1.581e-07  	 1.000e-08 	 0.0e+00 	 0.0e+00 	 0.0e+00	 1.0e+03
1 	 2.1927e-01 	 1.4937e+00 	 3.2369e+00 	 1.9186e-01 	 3.3856e-03 	3 	 4076 	 50 	 2.000e-01 	 2.000e-01 	 2.000e-01  	 1.581e-07  	 1.000e-08 	 6.3e+00 	 4.7e+01 	 5.5e+01	 1.0e+03
2 	 3.4098e-01 	 1.2608e+00 	 3.1078e+00 	 3.7173e-01 	 1.8590e-03 	3 	 4076 	 50 	 2.000e-01 	 2.000e-01 	 2.000e-01  	 1.581e-07  	 1.000e-08 	 9.6e+00 	 5.2e+01 	 6.3e+01	 1.0e+03
5 	 -1.4069e-02 	 1.9401e+00 	 3.1225e+00 	 -0.0000e+00 	 -0.0000e+00 	3 	 4076 	 50 	 2.000e-01 	 2.000e-01 	 2.000e-01  	 1.581e-07  	 1.000e-08 	 0.0e+00 	 0.0e+00 	 0.0e+00	 1.0e+03
0 	 1.4143e-01 	 1.6426e+00 	 3.4316e+00 	 5.3980e-01 	 3.7885e-02 	3 	 4076 	 150 	 2.000e-01 	 2.000e-01 	 2.000e-01  	 1.581e-07  	 1.000e-08 	 0.0e+00 	 0.0e+00 	 0.0e+00	 1.2e+03
1 	 2.1927e-01 	 1.4937e+00 	 3.2369e+00 	 1.9186e-01 	 3.3856e-03 	3 	 4076 	 150 	 2.000e-01 	 2.000e-01 	 2.000e-01  	 1.581e-07  	 1.000e-08 	 6.3e+00 	 4.7e+01 	 5.4e+01	 1.2e+03
2 	 2.4773e-01 	 1.4392e+00 	 3.2232e+00 	 1.7049e-01 	 1.6210e-03 	3 	 4076 	 150 	 2.000e-01 	 2.000e-01 	 2.000e-01  	 1.581e-07  	 1.000e-08 	 9.6e+00 	 5.4e+01 	 6.5e+01	 1.2e+03
5 	 -1.4069e-02 	 1.9401e+00 	 3.1225e+00 	 -0.0000e+00 	 -0.0000e+00 	3 	 4076 	 150 	 2.000e-01 	 2.000e-01 	 2.000e-01  	 1.581e-07  	 1.000e-08 	 0.0e+00 	 0.0e+00 	 0.0e+00	 1.2e+03
0 	 1.4143e-01 	 1.6426e+00 	 3.4316e+00 	 5.3980e-01 	 3.7885e-02 	3 	 4076 	 200 	 2.000e-01 	 2.000e-01 	 2.000e-01  	 1.581e-07  	 1.000e-08 	 0.0e+00 	 0.0e+00 	 0.0e+00	 1.3e+03
1 	 2.1927e-01 	 1.4937e+00 	 3.2369e+00 	 1.9186e-01 	 3.3856e-03 	3 	 4076 	 200 	 2.000e-01 	 2.000e-01 	 2.000e-01  	 1.581e-07  	 1.000e-08 	 6.3e+00 	 4.7e+01 	 5.5e+01	 1.3e+03
2 	 2.3859e-01 	 1.4567e+00 	 3.2255e+00 	 1.6378e-01 	 1.8877e-03 	3 	 4076 	 200 	 2.000e-01 	 2.000e-01 	 2.000e-01  	 1.581e-07  	 1.000e-08 	 9.6e+00 	 5.4e+01 	 6.6e+01	 1.3e+03
5 	 -1.4069e-02 	 1.9401e+00 	 3.1225e+00 	 -0.0000e+00 	 -0.0000e+00 	3 	 4076 	 200 	 2.000e-01 	 2.000e-01 	 2.000e-01  	 1.581e-07  	 1.000e-08 	 0.0e+00 	 0.0e+00 	 0.0e+00	 1.3e+03
0 	 1.4927e-01 	 1.6276e+00 	 3.2566e+00 	 8.0432e-01 	 4.4546e-02 	3 	 4096 	 50 	 2.000e-01 	 2.000e-01 	 2.000e-01  	 1.581e-07  	 1.000e-08 	 0.0e+00 	 0.0e+00 	 0.0e+00	 1.0e+03
1 	 2.1746e-01 	 1.4971e+00 	 3.1597e+00 	 2.6418e-01 	 2.7989e-03 	3 	 4096 	 50 	 2.000e-01 	 2.000e-01 	 2.000e-01  	 1.581e-07  	 1.000e-08 	 6.3e+00 	 5.0e+01 	 5.8e+01	 1.0e+03
2 	 3.2256e-01 	 1.2961e+00 	 3.0072e+00 	 1.9228e-01 	 1.3553e-03 	3 	 4096 	 50 	 2.000e-01 	 2.000e-01 	 2.000e-01  	 1.581e-07  	 1.000e-08 	 9.7e+00 	 5.6e+01 	 6.8e+01	 1.0e+03
5 	 -1.4069e-02 	 1.9401e+00 	 3.1225e+00 	 -0.0000e+00 	 -0.0000e+00 	3 	 4096 	 50 	 2.000e-01 	 2.000e-01 	 2.000e-01  	 1.581e-07  	 1.000e-08 	 0.0e+00 	 0.0e+00 	 0.0e+00	 1.0e+03
0 	 1.4927e-01 	 1.6276e+00 	 3.2566e+00 	 8.0432e-01 	 4.4546e-02 	3 	 4096 	 150 	 2.000e-01 	 2.000e-01 	 2.000e-01  	 1.581e-07  	 1.000e-08 	 0.0e+00 	 0.0e+00 	 0.0e+00	 1.2e+03
1 	 2.1746e-01 	 1.4971e+00 	 3.1597e+00 	 2.6418e-01 	 2.7989e-03 	3 	 4096 	 150 	 2.000e-01 	 2.000e-01 	 2.000e-01  	 1.581e-07  	 1.000e-08 	 6.3e+00 	 4.9e+01 	 5.7e+01	 1.2e+03
2 	 2.3713e-01 	 1.4595e+00 	 3.1261e+00 	 2.5338e-01 	 1.4086e-03 	3 	 4096 	 150 	 2.000e-01 	 2.000e-01 	 2.000e-01  	 1.581e-07  	 1.000e-08 	 9.7e+00 	 5.3e+01 	 6.4e+01	 1.2e+03
5 	 -1.4069e-02 	 1.9401e+00 	 3.1225e+00 	 -0.0000e+00 	 -0.0000e+00 	3 	 4096 	 150 	 2.000e-01 	 2.000e-01 	 2.000e-01  	 1.581e-07  	 1.000e-08 	 0.0e+00 	 0.0e+00 	 0.0e+00	 1.2e+03
0 	 1.4927e-01 	 1.6276e+00 	 3.2566e+00 	 8.0432e-01 	 4.4546e-02 	3 	 4096 	 200 	 2.000e-01 	 2.000e-01 	 2.000e-01  	 1.581e-07  	 1.000e-08 	 0.0e+00 	 0.0e+00 	 0.0e+00	 1.3e+03
1 	 2.1746e-01 	 1.4971e+00 	 3.1597e+00 	 2.6418e-01 	 2.7989e-03 	3 	 4096 	 200 	 2.000e-01 	 2.000e-01 	 2.000e-01  	 1.581e-07  	 1.000e-08 	 6.4e+00 	 4.9e+01 	 5.7e+01	 1.3e+03
2 	 2.3072e-01 	 1.4718e+00 	 3.1373e+00 	 2.5557e-01 	 1.6475e-03 	3 	 4096 	 200 	 2.000e-01 	 2.000e-01 	 2.000e-01  	 1.581e-07  	 1.000e-08 	 9.6e+00 	 5.9e+01 	 7.0e+01	 1.3e+03
5 	 -1.4069e-02 	 1.9401e+00 	 3.1225e+00 	 -0.0000e+00 	 -0.0000e+00 	3 	 4096 	 200 	 2.000e-01 	 2.000e-01 	 2.000e-01  	 1.581e-07  	 1.000e-08 	 0.0e+00 	 0.0e+00 	 0.0e+00	 1.3e+03
0 	 1.4008e-01 	 1.6452e+00 	 3.3158e+00 	 7.9467e-01 	 3.8193e-02 	3 	 4088 	 50 	 2.000e-01 	 2.000e-01 	 2.000e-01  	 1.581e-07  	 1.000e-08 	 0.0e+00 	 0.0e+00 	 0.0e+00	 1.0e+03
1 	 1.9743e-01 	 1.5355e+00 	 3.2639e+00 	 4.4149e-01 	 3.3549e-03 	3 	 4088 	 50 	 2.000e-01 	 2.000e-01 	 2.000e-01  	 1.581e-07  	 1.000e-08 	 6.4e+00 	 4.9e+01 	 5.7e+01	 1.0e+03
2 	 2.9011e-01 	 1.3581e+00 	 2.5731e+00 	 2.7190e-01 	 1.3313e-03 	3 	 4088 	 50 	 2.000e-01 	 2.000e-01 	 2.000e-01  	 1.581e-07  	 1.000e-08 	 9.7e+00 	 6.0e+01 	 7.1e+01	 1.0e+03
5 	 -1.4069e-02 	 1.9401e+00 	 3.1225e+00 	 -0.0000e+00 	 -0.0000e+00 	3 	 4088 	 50 	 2.000e-01 	 2.000e-01 	 2.000e-01  	 1.581e-07  	 1.000e-08 	 0.0e+00 	 0.0e+00 	 0.0e+00	 1.0e+03
0 	 1.4008e-01 	 1.6452e+00 	 3.3158e+00 	 7.9467e-01 	 3.8193e-02 	3 	 4088 	 150 	 2.000e-01 	 2.000e-01 	 2.000e-01  	 1.581e-07  	 1.000e-08 	 0.0e+00 	 0.0e+00 	 0.0e+00	 1.2e+03
1 	 1.9743e-01 	 1.5355e+00 	 3.2639e+00 	 4.4149e-01 	 3.3549e-03 	3 	 4088 	 150 	 2.000e-01 	 2.000e-01 	 2.000e-01  	 1.581e-07  	 1.000e-08 	 6.4e+00 	 4.9e+01 	 5.7e+01	 1.2e+03
2 	 2.1524e-01 	 1.5014e+00 	 3.1994e+00 	 3.8317e-01 	 1.7633e-03 	3 	 4088 	 150 	 2.000e-01 	 2.000e-01 	 2.000e-01  	 1.581e-07  	 1.000e-08 	 9.6e+00 	 5.6e+01 	 6.7e+01	 1.2e+03
5 	 -1.4069e-02 	 1.9401e+00 	 3.1225e+00 	 -0.0000e+00 	 -0.0000e+00 	3 	 4088 	 150 	 2.000e-01 	 2.000e-01 	 2.000e-01  	 1.581e-07  	 1.000e-08 	 0.0e+00 	 0.0e+00 	 0.0e+00	 1.2e+03
0 	 1.4008e-01 	 1.6452e+00 	 3.3158e+00 	 7.9467e-01 	 3.8193e-02 	3 	 4088 	 200 	 2.000e-01 	 2.000e-01 	 2.000e-01  	 1.581e-07  	 1.000e-08 	 0.0e+00 	 0.0e+00 	 0.0e+00	 1.3e+03
1 	 1.9743e-01 	 1.5355e+00 	 3.2639e+00 	 4.4149e-01 	 3.3549e-03 	3 	 4088 	 200 	 2.000e-01 	 2.000e-01 	 2.000e-01  	 1.581e-07  	 1.000e-08 	 6.4e+00 	 4.9e+01 	 5.7e+01	 1.3e+03
2 	 2.0974e-01 	 1.5119e+00 	 3.2250e+00 	 4.0466e-01 	 2.0849e-03 	3 	 4088 	 200 	 2.000e-01 	 2.000e-01 	 2.000e-01  	 1.581e-07  	 1.000e-08 	 9.6e+00 	 5.7e+01 	 6.9e+01	 1.3e+03
5 	 -1.4069e-02 	 1.9401e+00 	 3.1225e+00 	 -0.0000e+00 	 -0.0000e+00 	3 	 4088 	 200 	 2.000e-01 	 2.000e-01 	 2.000e-01  	 1.581e-07  	 1.000e-08 	 0.0e+00 	 0.0e+00 	 0.0e+00	 1.3e+03
0 	 1.3341e-01 	 1.6580e+00 	 3.3186e+00 	 7.6859e-01 	 4.8214e-02 	3 	 4096 	 50 	 2.000e-01 	 2.000e-01 	 2.000e-01  	 1.581e-07  	 1.000e-08 	 0.0e+00 	 0.0e+00 	 0.0e+00	 1.0e+03
1 	 1.9995e-01 	 1.5306e+00 	 3.2165e+00 	 2.0787e-01 	 3.2268e-03 	3 	 4096 	 50 	 2.000e-01 	 2.000e-01 	 2.000e-01  	 1.581e-07  	 1.000e-08 	 6.4e+00 	 5.4e+01 	 6.1e+01	 1.0e+03
2 	 2.8740e-01 	 1.3633e+00 	 2.8439e+00 	 3.7301e-01 	 1.6548e-03 	3 	 4096 	 50 	 2.000e-01 	 2.000e-01 	 2.000e-01  	 1.581e-07  	 1.000e-08 	 9.7e+00 	 6.0e+01 	 7.2e+01	 1.0e+03
5 	 -1.4069e-02 	 1.9401e+00 	 3.1225e+00 	 -0.0000e+00 	 -0.0000e+00 	3 	 4096 	 50 	 2.000e-01 	 2.000e-01 	 2.000e-01  	 1.581e-07  	 1.000e-08 	 0.0e+00 	 0.0e+00 	 0.0e+00	 1.0e+03
0 	 1.3341e-01 	 1.6580e+00 	 3.3186e+00 	 7.6859e-01 	 4.8214e-02 	3 	 4096 	 150 	 2.000e-01 	 2.000e-01 	 2.000e-01  	 1.581e-07  	 1.000e-08 	 0.0e+00 	 0.0e+00 	 0.0e+00	 1.2e+03
1 	 1.9995e-01 	 1.5306e+00 	 3.2165e+00 	 2.0787e-01 	 3.2268e-03 	3 	 4096 	 150 	 2.000e-01 	 2.000e-01 	 2.000e-01  	 1.581e-07  	 1.000e-08 	 6.4e+00 	 5.4e+01 	 6.1e+01	 1.2e+03
2 	 2.1763e-01 	 1.4968e+00 	 3.1778e+00 	 1.4125e-01 	 1.5163e-03 	3 	 4096 	 150 	 2.000e-01 	 2.000e-01 	 2.000e-01  	 1.581e-07  	 1.000e-08 	 9.7e+00 	 6.8e+01 	 7.9e+01	 1.2e+03
5 	 -1.4069e-02 	 1.9401e+00 	 3.1225e+00 	 -0.0000e+00 	 -0.0000e+00 	3 	 4096 	 150 	 2.000e-01 	 2.000e-01 	 2.000e-01  	 1.581e-07  	 1.000e-08 	 0.0e+00 	 0.0e+00 	 0.0e+00	 1.2e+03
0 	 1.3341e-01 	 1.6580e+00 	 3.3186e+00 	 7.6859e-01 	 4.8214e-02 	3 	 4096 	 200 	 2.000e-01 	 2.000e-01 	 2.000e-01  	 1.581e-07  	 1.000e-08 	 0.0e+00 	 0.0e+00 	 0.0e+00	 1.3e+03
1 	 1.9995e-01 	 1.5306e+00 	 3.2165e+00 	 2.0787e-01 	 3.2268e-03 	3 	 4096 	 200 	 2.000e-01 	 2.000e-01 	 2.000e-01  	 1.581e-07  	 1.000e-08 	 6.4e+00 	 5.3e+01 	 6.1e+01	 1.3e+03
2 	 2.1168e-01 	 1.5082e+00 	 3.1943e+00 	 1.5892e-01 	 1.8212e-03 	3 	 4096 	 200 	 2.000e-01 	 2.000e-01 	 2.000e-01  	 1.581e-07  	 1.000e-08 	 9.7e+00 	 6.4e+01 	 7.5e+01	 1.3e+03
5 	 -1.4069e-02 	 1.9401e+00 	 3.1225e+00 	 -0.0000e+00 	 -0.0000e+00 	3 	 4096 	 200 	 2.000e-01 	 2.000e-01 	 2.000e-01  	 1.581e-07  	 1.000e-08 	 0.0e+00 	 0.0e+00 	 0.0e+00	 1.3e+03
0 	 1.2878e-01 	 1.6668e+00 	 3.3071e+00 	 7.1105e-01 	 3.7557e-02 	3 	 4094 	 50 	 2.000e-01 	 2.000e-01 	 2.000e-01  	 1.581e-07  	 1.000e-08 	 0.0e+00 	 0.0e+00 	 0.0e+00	 1.0e+03
1 	 2.0290e-01 	 1.5250e+00 	 3.2351e+00 	 2.4782e-01 	 3.2778e-03 	3 	 4094 	 50 	 2.000e-01 	 2.000e-01 	 2.000e-01  	 1.581e-07  	 1.000e-08 	 6.4e+00 	 4.2e+01 	 4.9e+01	 1.0e+03
2 	 2.9805e-01 	 1.3430e+00 	 3.1995e+00 	 1.6974e-01 	 1.2126e-03 	3 	 4094 	 50 	 2.000e-01 	 2.000e-01 	 2.000e-01  	 1.581e-07  	 1.000e-08 	 9.6e+00 	 4.9e+01 	 6.1e+01	 1.0e+03
5 	 -1.4069e-02 	 1.9401e+00 	 3.1225e+00 	 -0.0000e+00 	 -0.0000e+00 	3 	 4094 	 50 	 2.000e-01 	 2.000e-01 	 2.000e-01  	 1.581e-07  	 1.000e-08 	 0.0e+00 	 0.0e+00 	 0.0e+00	 1.0e+03
0 	 1.2878e-01 	 1.6668e+00 	 3.3071e+00 	 7.1105e-01 	 3.7557e-02 	3 	 4094 	 150 	 2.000e-01 	 2.000e-01 	 2.000e-01  	 1.581e-07  	 1.000e-08 	 0.0e+00 	 0.0e+00 	 0.0e+00	 1.1e+03
1 	 2.0290e-01 	 1.5250e+00 	 3.2351e+00 	 2.4782e-01 	 3.2778e-03 	3 	 4094 	 150 	 2.000e-01 	 2.000e-01 	 2.000e-01  	 1.581e-07  	 1.000e-08 	 6.3e+00 	 4.2e+01 	 4.9e+01	 1.1e+03
2 	 2.2281e-01 	 1.4869e+00 	 3.2197e+00 	 1.9690e-01 	 1.6299e-03 	3 	 4094 	 150 	 2.000e-01 	 2.000e-01 	 2.000e-01  	 1.581e-07  	 1.000e-08 	 9.7e+00 	 5.8e+01 	 6.9e+01	 1.1e+03
5 	 -1.4069e-02 	 1.9401e+00 	 3.1225e+00 	 -0.0000e+00 	 -0.0000e+00 	3 	 4094 	 150 	 2.000e-01 	 2.000e-01 	 2.000e-01  	 1.581e-07  	 1.000e-08 	 0.0e+00 	 0.0e+00 	 0.0e+00	 1.1e+03
0 	 1.2878e-01 	 1.6668e+00 	 3.3071e+00 	 7.1105e-01 	 3.7557e-02 	3 	 4094 	 200 	 2.000e-01 	 2.000e-01 	 2.000e-01  	 1.581e-07  	 1.000e-08 	 0.0e+00 	 0.0e+00 	 0.0e+00	 1.3e+03
1 	 2.0290e-01 	 1.5250e+00 	 3.2351e+00 	 2.4782e-01 	 3.2778e-03 	3 	 4094 	 200 	 2.000e-01 	 2.000e-01 	 2.000e-01  	 1.581e-07  	 1.000e-08 	 6.3e+00 	 4.2e+01 	 4.9e+01	 1.3e+03
2 	 2.1694e-01 	 1.4981e+00 	 3.2221e+00 	 2.1327e-01 	 1.9104e-03 	3 	 4094 	 200 	 2.000e-01 	 2.000e-01 	 2.000e-01  	 1.581e-07  	 1.000e-08 	 9.7e+00 	 5.8e+01 	 6.9e+01	 1.3e+03
5 	 -1.4069e-02 	 1.9401e+00 	 3.1225e+00 	 -0.0000e+00 	 -0.0000e+00 	3 	 4094 	 200 	 2.000e-01 	 2.000e-01 	 2.000e-01  	 1.581e-07  	 1.000e-08 	 0.0e+00 	 0.0e+00 	 0.0e+00	 1.3e+03
0 	 1.3378e-01 	 1.6572e+00 	 3.4065e+00 	 7.9253e-01 	 3.9803e-02 	3 	 4095 	 50 	 2.000e-01 	 2.000e-01 	 2.000e-01  	 1.581e-07  	 1.000e-08 	 0.0e+00 	 0.0e+00 	 0.0e+00	 1.0e+03
1 	 1.8361e-01 	 1.5619e+00 	 3.4631e+00 	 2.1969e-01 	 3.7456e-03 	3 	 4095 	 50 	 2.000e-01 	 2.000e-01 	 2.000e-01  	 1.581e-07  	 1.000e-08 	 6.4e+00 	 4.6e+01 	 5.4e+01	 1.0e+03
2 	 2.8958e-01 	 1.3592e+00 	 2.9298e+00 	 1.6367e-01 	 1.7653e-03 	3 	 4095 	 50 	 2.000e-01 	 2.000e-01 	 2.000e-01  	 1.581e-07  	 1.000e-08 	 9.7e+00 	 5.5e+01 	 6.7e+01	 1.0e+03
5 	 -1.4069e-02 	 1.9401e+00 	 3.1225e+00 	 -0.0000e+00 	 -0.0000e+00 	3 	 4095 	 50 	 2.000e-01 	 2.000e-01 	 2.000e-01  	 1.581e-07  	 1.000e-08 	 0.0e+00 	 0.0e+00 	 0.0e+00	 1.0e+03
0 	 1.3378e-01 	 1.6572e+00 	 3.4065e+00 	 7.9253e-01 	 3.9803e-02 	3 	 4095 	 150 	 2.000e-01 	 2.000e-01 	 2.000e-01  	 1.581e-07  	 1.000e-08 	 0.0e+00 	 0.0e+00 	 0.0e+00	 1.2e+03
1 	 1.8361e-01 	 1.5619e+00 	 3.4631e+00 	 2.1969e-01 	 3.7456e-03 	3 	 4095 	 150 	 2.000e-01 	 2.000e-01 	 2.000e-01  	 1.581e-07  	 1.000e-08 	 6.5e+00 	 4.7e+01 	 5.5e+01	 1.2e+03
2 	 2.0300e-01 	 1.5248e+00 	 3.4382e+00 	 1.5483e-01 	 2.1070e-03 	3 	 4095 	 150 	 2.000e-01 	 2.000e-01 	 2.000e-01  	 1.581e-07  	 1.000e-08 	 9.7e+00 	 5.8e+01 	 7.0e+01	 1.2e+03
5 	 -1.4069e-02 	 1.9401e+00 	 3.1225e+00 	 -0.0000e+00 	 -0.0000e+00 	3 	 4095 	 150 	 2.000e-01 	 2.000e-01 	 2.000e-01  	 1.581e-07  	 1.000e-08 	 0.0e+00 	 0.0e+00 	 0.0e+00	 1.2e+03
0 	 1.3378e-01 	 1.6572e+00 	 3.4065e+00 	 7.9253e-01 	 3.9803e-02 	3 	 4095 	 200 	 2.000e-01 	 2.000e-01 	 2.000e-01  	 1.581e-07  	 1.000e-08 	 0.0e+00 	 0.0e+00 	 0.0e+00	 1.3e+03
1 	 1.8361e-01 	 1.5619e+00 	 3.4631e+00 	 2.1969e-01 	 3.7456e-03 	3 	 4095 	 200 	 2.000e-01 	 2.000e-01 	 2.000e-01  	 1.581e-07  	 1.000e-08 	 6.4e+00 	 4.7e+01 	 5.5e+01	 1.3e+03
2 	 1.9661e-01 	 1.5370e+00 	 3.4472e+00 	 1.7315e-01 	 2.4123e-03 	3 	 4095 	 200 	 2.000e-01 	 2.000e-01 	 2.000e-01  	 1.581e-07  	 1.000e-08 	 9.6e+00 	 5.7e+01 	 6.9e+01	 1.3e+03
5 	 -1.4069e-02 	 1.9401e+00 	 3.1225e+00 	 -0.0000e+00 	 -0.0000e+00 	3 	 4095 	 200 	 2.000e-01 	 2.000e-01 	 2.000e-01  	 1.581e-07  	 1.000e-08 	 0.0e+00 	 0.0e+00 	 0.0e+00	 1.3e+03
0 	 9.9297e-02 	 1.7232e+00 	 3.4976e+00 	 6.6333e-01 	 3.5930e-02 	3 	 4109 	 50 	 2.000e-01 	 2.000e-01 	 2.000e-01  	 1.581e-07  	 1.000e-08 	 0.0e+00 	 0.0e+00 	 0.0e+00	 1.1e+03
1 	 1.7538e-01 	 1.5777e+00 	 3.2849e+00 	 2.5963e-01 	 2.8138e-03 	3 	 4109 	 50 	 2.000e-01 	 2.000e-01 	 2.000e-01  	 1.581e-07  	 1.000e-08 	 6.9e+00 	 5.0e+01 	 5.8e+01	 1.1e+03
2 	 2.9251e-01 	 1.3536e+00 	 2.6970e+00 	 2.3085e-01 	 1.0972e-03 	3 	 4109 	 50 	 2.000e-01 	 2.000e-01 	 2.000e-01  	 1.581e-07  	 1.000e-08 	 1.0e+01 	 6.5e+01 	 7.8e+01	 1.1e+03
5 	 -1.4069e-02 	 1.9401e+00 	 3.1225e+00 	 -0.0000e+00 	 -0.0000e+00 	3 	 4109 	 50 	 2.000e-01 	 2.000e-01 	 2.000e-01  	 1.581e-07  	 1.000e-08 	 0.0e+00 	 0.0e+00 	 0.0e+00	 1.1e+03
0 	 9.9297e-02 	 1.7232e+00 	 3.4976e+00 	 6.6333e-01 	 3.5930e-02 	3 	 4109 	 150 	 2.000e-01 	 2.000e-01 	 2.000e-01  	 1.581e-07  	 1.000e-08 	 0.0e+00 	 0.0e+00 	 0.0e+00	 1.2e+03
1 	 1.7538e-01 	 1.5777e+00 	 3.2849e+00 	 2.5963e-01 	 2.8138e-03 	3 	 4109 	 150 	 2.000e-01 	 2.000e-01 	 2.000e-01  	 1.581e-07  	 1.000e-08 	 7.0e+00 	 5.0e+01 	 5.8e+01	 1.2e+03
2 	 1.9565e-01 	 1.5389e+00 	 3.2300e+00 	 2.1032e-01 	 1.4348e-03 	3 	 4109 	 150 	 2.000e-01 	 2.000e-01 	 2.000e-01  	 1.581e-07  	 1.000e-08 	 1.0e+01 	 6.6e+01 	 7.8e+01	 1.2e+03
5 	 -1.4069e-02 	 1.9401e+00 	 3.1225e+00 	 -0.0000e+00 	 -0.0000e+00 	3 	 4109 	 150 	 2.000e-01 	 2.000e-01 	 2.000e-01  	 1.581e-07  	 1.000e-08 	 0.0e+00 	 0.0e+00 	 0.0e+00	 1.2e+03
0 	 9.9297e-02 	 1.7232e+00 	 3.4976e+00 	 6.6333e-01 	 3.5930e-02 	3 	 4109 	 200 	 2.000e-01 	 2.000e-01 	 2.000e-01  	 1.581e-07  	 1.000e-08 	 0.0e+00 	 0.0e+00 	 0.0e+00	 1.4e+03
1 	 1.7538e-01 	 1.5777e+00 	 3.2849e+00 	 2.5963e-01 	 2.8138e-03 	3 	 4109 	 200 	 2.000e-01 	 2.000e-01 	 2.000e-01  	 1.581e-07  	 1.000e-08 	 6.9e+00 	 4.9e+01 	 5.8e+01	 1.4e+03
2 	 1.8894e-01 	 1.5517e+00 	 3.2472e+00 	 2.2749e-01 	 1.6660e-03 	3 	 4109 	 200 	 2.000e-01 	 2.000e-01 	 2.000e-01  	 1.581e-07  	 1.000e-08 	 1.1e+01 	 6.3e+01 	 7.6e+01	 1.4e+03
5 	 -1.4069e-02 	 1.9401e+00 	 3.1225e+00 	 -0.0000e+00 	 -0.0000e+00 	3 	 4109 	 200 	 2.000e-01 	 2.000e-01 	 2.000e-01  	 1.581e-07  	 1.000e-08 	 0.0e+00 	 0.0e+00 	 0.0e+00	 1.4e+03
0 	 1.5752e-01 	 1.6118e+00 	 3.1776e+00 	 6.7449e-01 	 4.2118e-02 	3 	 4094 	 50 	 2.000e-01 	 2.000e-01 	 2.000e-01  	 1.581e-07  	 1.000e-08 	 0.0e+00 	 0.0e+00 	 0.0e+00	 1.1e+03
1 	 2.1315e-01 	 1.5054e+00 	 3.0896e+00 	 3.1840e-01 	 3.2023e-03 	3 	 4094 	 50 	 2.000e-01 	 2.000e-01 	 2.000e-01  	 1.581e-07  	 1.000e-08 	 6.3e+00 	 4.3e+01 	 5.0e+01	 1.1e+03
2 	 2.9683e-01 	 1.3453e+00 	 3.0402e+00 	 1.6326e-01 	 1.1640e-03 	3 	 4094 	 50 	 2.000e-01 	 2.000e-01 	 2.000e-01  	 1.581e-07  	 1.000e-08 	 9.7e+00 	 5.7e+01 	 6.9e+01	 1.1e+03
5 	 -1.4069e-02 	 1.9401e+00 	 3.1225e+00 	 -0.0000e+00 	 -0.0000e+00 	3 	 4094 	 50 	 2.000e-01 	 2.000e-01 	 2.000e-01  	 1.581e-07  	 1.000e-08 	 0.0e+00 	 0.0e+00 	 0.0e+00	 1.1e+03
0 	 1.5752e-01 	 1.6118e+00 	 3.1776e+00 	 6.7449e-01 	 4.2118e-02 	3 	 4094 	 150 	 2.000e-01 	 2.000e-01 	 2.000e-01  	 1.581e-07  	 1.000e-08 	 0.0e+00 	 0.0e+00 	 0.0e+00	 1.2e+03
1 	 2.1315e-01 	 1.5054e+00 	 3.0896e+00 	 3.1840e-01 	 3.2023e-03 	3 	 4094 	 150 	 2.000e-01 	 2.000e-01 	 2.000e-01  	 1.581e-07  	 1.000e-08 	 6.4e+00 	 4.2e+01 	 4.9e+01	 1.2e+03
2 	 2.2924e-01 	 1.4746e+00 	 3.0853e+00 	 2.8241e-01 	 1.6798e-03 	3 	 4094 	 150 	 2.000e-01 	 2.000e-01 	 2.000e-01  	 1.581e-07  	 1.000e-08 	 9.7e+00 	 5.6e+01 	 6.8e+01	 1.2e+03
5 	 -1.4069e-02 	 1.9401e+00 	 3.1225e+00 	 -0.0000e+00 	 -0.0000e+00 	3 	 4094 	 150 	 2.000e-01 	 2.000e-01 	 2.000e-01  	 1.581e-07  	 1.000e-08 	 0.0e+00 	 0.0e+00 	 0.0e+00	 1.2e+03
0 	 1.5752e-01 	 1.6118e+00 	 3.1776e+00 	 6.7449e-01 	 4.2118e-02 	3 	 4094 	 200 	 2.000e-01 	 2.000e-01 	 2.000e-01  	 1.581e-07  	 1.000e-08 	 0.0e+00 	 0.0e+00 	 0.0e+00	 1.3e+03
1 	 2.1315e-01 	 1.5054e+00 	 3.0896e+00 	 3.1840e-01 	 3.2023e-03 	3 	 4094 	 200 	 2.000e-01 	 2.000e-01 	 2.000e-01  	 1.581e-07  	 1.000e-08 	 6.4e+00 	 4.2e+01 	 5.0e+01	 1.3e+03
2 	 2.2460e-01 	 1.4835e+00 	 3.0882e+00 	 2.8761e-01 	 1.9496e-03 	3 	 4094 	 200 	 2.000e-01 	 2.000e-01 	 2.000e-01  	 1.581e-07  	 1.000e-08 	 9.7e+00 	 5.5e+01 	 6.7e+01	 1.3e+03
5 	 -1.4069e-02 	 1.9401e+00 	 3.1225e+00 	 -0.0000e+00 	 -0.0000e+00 	3 	 4094 	 200 	 2.000e-01 	 2.000e-01 	 2.000e-01  	 1.581e-07  	 1.000e-08 	 0.0e+00 	 0.0e+00 	 0.0e+00	 1.3e+03
0 	 1.5581e-01 	 1.6151e+00 	 3.3774e+00 	 5.8438e-01 	 3.8003e-02 	3 	 4106 	 50 	 2.000e-01 	 2.000e-01 	 2.000e-01  	 1.581e-07  	 1.000e-08 	 0.0e+00 	 0.0e+00 	 0.0e+00	 1.1e+03
1 	 2.2116e-01 	 1.4901e+00 	 3.2483e+00 	 2.1331e-01 	 2.5441e-03 	3 	 4106 	 50 	 2.000e-01 	 2.000e-01 	 2.000e-01  	 1.581e-07  	 1.000e-08 	 6.8e+00 	 4.5e+01 	 5.3e+01	 1.1e+03
2 	 3.1832e-01 	 1.3042e+00 	 2.8320e+00 	 2.4944e-01 	 1.3541e-03 	3 	 4106 	 50 	 2.000e-01 	 2.000e-01 	 2.000e-01  	 1.581e-07  	 1.000e-08 	 1.1e+01 	 6.3e+01 	 7.5e+01	 1.1e+03
5 	 -1.4069e-02 	 1.9401e+00 	 3.1225e+00 	 -0.0000e+00 	 -0.0000e+00 	3 	 4106 	 50 	 2.000e-01 	 2.000e-01 	 2.000e-01  	 1.581e-07  	 1.000e-08 	 0.0e+00 	 0.0e+00 	 0.0e+00	 1.1e+03
0 	 1.5581e-01 	 1.6151e+00 	 3.3774e+00 	 5.8438e-01 	 3.8003e-02 	3 	 4106 	 150 	 2.000e-01 	 2.000e-01 	 2.000e-01  	 1.581e-07  	 1.000e-08 	 0.0e+00 	 0.0e+00 	 0.0e+00	 1.2e+03
1 	 2.2116e-01 	 1.4901e+00 	 3.2483e+00 	 2.1331e-01 	 2.5441e-03 	3 	 4106 	 150 	 2.000e-01 	 2.000e-01 	 2.000e-01  	 1.581e-07  	 1.000e-08 	 6.9e+00 	 4.5e+01 	 5.4e+01	 1.2e+03
2 	 2.3830e-01 	 1.4573e+00 	 3.1533e+00 	 1.8425e-01 	 1.2221e-03 	3 	 4106 	 150 	 2.000e-01 	 2.000e-01 	 2.000e-01  	 1.581e-07  	 1.000e-08 	 1.1e+01 	 5.8e+01 	 7.1e+01	 1.2e+03
5 	 -1.4069e-02 	 1.9401e+00 	 3.1225e+00 	 -0.0000e+00 	 -0.0000e+00 	3 	 4106 	 150 	 2.000e-01 	 2.000e-01 	 2.000e-01  	 1.581e-07  	 1.000e-08 	 0.0e+00 	 0.0e+00 	 0.0e+00	 1.2e+03
0 	 1.5581e-01 	 1.6151e+00 	 3.3774e+00 	 5.8438e-01 	 3.8003e-02 	3 	 4106 	 200 	 2.000e-01 	 2.000e-01 	 2.000e-01  	 1.581e-07  	 1.000e-08 	 0.0e+00 	 0.0e+00 	 0.0e+00	 1.3e+03
1 	 2.2116e-01 	 1.4901e+00 	 3.2483e+00 	 2.1331e-01 	 2.5441e-03 	3 	 4106 	 200 	 2.000e-01 	 2.000e-01 	 2.000e-01  	 1.581e-07  	 1.000e-08 	 6.7e+00 	 4.3e+01 	 5.2e+01	 1.3e+03
2 	 2.3299e-01 	 1.4674e+00 	 3.1816e+00 	 1.9140e-01 	 1.4293e-03 	3 	 4106 	 200 	 2.000e-01 	 2.000e-01 	 2.000e-01  	 1.581e-07  	 1.000e-08 	 1.1e+01 	 6.6e+01 	 7.9e+01	 1.3e+03
5 	 -1.4069e-02 	 1.9401e+00 	 3.1225e+00 	 -0.0000e+00 	 -0.0000e+00 	3 	 4106 	 200 	 2.000e-01 	 2.000e-01 	 2.000e-01  	 1.581e-07  	 1.000e-08 	 0.0e+00 	 0.0e+00 	 0.0e+00	 1.3e+03
0 	 1.3290e-01 	 1.6589e+00 	 3.2865e+00 	 6.8913e-01 	 4.2370e-02 	3 	 4091 	 50 	 2.000e-01 	 2.000e-01 	 2.000e-01  	 1.581e-07  	 1.000e-08 	 0.0e+00 	 0.0e+00 	 0.0e+00	 1.1e+03
1 	 1.8616e-01 	 1.5570e+00 	 3.3335e+00 	 2.9174e-01 	 3.3035e-03 	3 	 4091 	 50 	 2.000e-01 	 2.000e-01 	 2.000e-01  	 1.581e-07  	 1.000e-08 	 6.5e+00 	 5.9e+01 	 6.7e+01	 1.1e+03
2 	 2.6178e-01 	 1.4124e+00 	 3.3337e+00 	 2.8202e-01 	 1.8473e-03 	3 	 4091 	 50 	 2.000e-01 	 2.000e-01 	 2.000e-01  	 1.581e-07  	 1.000e-08 	 1.1e+01 	 6.6e+01 	 7.8e+01	 1.1e+03
5 	 -1.4069e-02 	 1.9401e+00 	 3.1225e+00 	 -0.0000e+00 	 -0.0000e+00 	3 	 4091 	 50 	 2.000e-01 	 2.000e-01 	 2.000e-01  	 1.581e-07  	 1.000e-08 	 0.0e+00 	 0.0e+00 	 0.0e+00	 1.1e+03
0 	 1.3290e-01 	 1.6589e+00 	 3.2865e+00 	 6.8913e-01 	 4.2370e-02 	3 	 4091 	 150 	 2.000e-01 	 2.000e-01 	 2.000e-01  	 1.581e-07  	 1.000e-08 	 0.0e+00 	 0.0e+00 	 0.0e+00	 1.2e+03
1 	 1.8616e-01 	 1.5570e+00 	 3.3335e+00 	 2.9174e-01 	 3.3035e-03 	3 	 4091 	 150 	 2.000e-01 	 2.000e-01 	 2.000e-01  	 1.581e-07  	 1.000e-08 	 6.6e+00 	 5.7e+01 	 6.5e+01	 1.2e+03
2 	 2.0579e-01 	 1.5195e+00 	 3.3476e+00 	 2.7587e-01 	 1.5757e-03 	3 	 4091 	 150 	 2.000e-01 	 2.000e-01 	 2.000e-01  	 1.581e-07  	 1.000e-08 	 1.0e+01 	 6.9e+01 	 8.1e+01	 1.2e+03
5 	 -1.4069e-02 	 1.9401e+00 	 3.1225e+00 	 -0.0000e+00 	 -0.0000e+00 	3 	 4091 	 150 	 2.000e-01 	 2.000e-01 	 2.000e-01  	 1.581e-07  	 1.000e-08 	 0.0e+00 	 0.0e+00 	 0.0e+00	 1.2e+03
0 	 1.3290e-01 	 1.6589e+00 	 3.2865e+00 	 6.8913e-01 	 4.2370e-02 	3 	 4091 	 200 	 2.000e-01 	 2.000e-01 	 2.000e-01  	 1.581e-07  	 1.000e-08 	 0.0e+00 	 0.0e+00 	 0.0e+00	 1.4e+03
1 	 1.8616e-01 	 1.5570e+00 	 3.3335e+00 	 2.9174e-01 	 3.3035e-03 	3 	 4091 	 200 	 2.000e-01 	 2.000e-01 	 2.000e-01  	 1.581e-07  	 1.000e-08 	 6.7e+00 	 5.9e+01 	 6.7e+01	 1.4e+03
2 	 1.9984e-01 	 1.5309e+00 	 3.3447e+00 	 2.8523e-01 	 1.8440e-03 	3 	 4091 	 200 	 2.000e-01 	 2.000e-01 	 2.000e-01  	 1.581e-07  	 1.000e-08 	 1.0e+01 	 6.9e+01 	 8.1e+01	 1.4e+03
5 	 -1.4069e-02 	 1.9401e+00 	 3.1225e+00 	 -0.0000e+00 	 -0.0000e+00 	3 	 4091 	 200 	 2.000e-01 	 2.000e-01 	 2.000e-01  	 1.581e-07  	 1.000e-08 	 0.0e+00 	 0.0e+00 	 0.0e+00	 1.4e+03
0 	 1.5111e-01 	 1.6241e+00 	 3.5076e+00 	 5.2528e-01 	 3.0292e-02 	3 	 4096 	 50 	 2.000e-01 	 2.000e-01 	 2.000e-01  	 1.581e-07  	 1.000e-08 	 0.0e+00 	 0.0e+00 	 0.0e+00	 1.1e+03
1 	 2.0832e-01 	 1.5146e+00 	 3.1045e+00 	 2.1968e-01 	 2.5975e-03 	3 	 4096 	 50 	 2.000e-01 	 2.000e-01 	 2.000e-01  	 1.581e-07  	 1.000e-08 	 7.3e+00 	 4.9e+01 	 5.7e+01	 1.1e+03
2 	 2.8882e-01 	 1.3606e+00 	 2.6268e+00 	 2.3719e-01 	 1.1851e-03 	3 	 4096 	 50 	 2.000e-01 	 2.000e-01 	 2.000e-01  	 1.581e-07  	 1.000e-08 	 1.0e+01 	 6.6e+01 	 7.8e+01	 1.1e+03
5 	 -1.4069e-02 	 1.9401e+00 	 3.1225e+00 	 -0.0000e+00 	 -0.0000e+00 	3 	 4096 	 50 	 2.000e-01 	 2.000e-01 	 2.000e-01  	 1.581e-07  	 1.000e-08 	 0.0e+00 	 0.0e+00 	 0.0e+00	 1.1e+03
0 	 1.5111e-01 	 1.6241e+00 	 3.5076e+00 	 5.2528e-01 	 3.0292e-02 	3 	 4096 	 150 	 2.000e-01 	 2.000e-01 	 2.000e-01  	 1.581e-07  	 1.000e-08 	 0.0e+00 	 0.0e+00 	 0.0e+00	 1.2e+03
1 	 2.0832e-01 	 1.5146e+00 	 3.1045e+00 	 2.1968e-01 	 2.5975e-03 	3 	 4096 	 150 	 2.000e-01 	 2.000e-01 	 2.000e-01  	 1.581e-07  	 1.000e-08 	 6.6e+00 	 5.1e+01 	 5.9e+01	 1.2e+03
2 	 2.3248e-01 	 1.4684e+00 	 2.9828e+00 	 1.9652e-01 	 1.1374e-03 	3 	 4096 	 150 	 2.000e-01 	 2.000e-01 	 2.000e-01  	 1.581e-07  	 1.000e-08 	 1.0e+01 	 7.2e+01 	 8.4e+01	 1.2e+03
5 	 -1.4069e-02 	 1.9401e+00 	 3.1225e+00 	 -0.0000e+00 	 -0.0000e+00 	3 	 4096 	 150 	 2.000e-01 	 2.000e-01 	 2.000e-01  	 1.581e-07  	 1.000e-08 	 0.0e+00 	 0.0e+00 	 0.0e+00	 1.2e+03
0 	 1.5111e-01 	 1.6241e+00 	 3.5076e+00 	 5.2528e-01 	 3.0292e-02 	3 	 4096 	 200 	 2.000e-01 	 2.000e-01 	 2.000e-01  	 1.581e-07  	 1.000e-08 	 0.0e+00 	 0.0e+00 	 0.0e+00	 1.4e+03
1 	 2.0832e-01 	 1.5146e+00 	 3.1045e+00 	 2.1968e-01 	 2.5975e-03 	3 	 4096 	 200 	 2.000e-01 	 2.000e-01 	 2.000e-01  	 1.581e-07  	 1.000e-08 	 6.4e+00 	 4.9e+01 	 5.7e+01	 1.4e+03
2 	 2.2448e-01 	 1.4837e+00 	 3.0182e+00 	 2.0077e-01 	 1.4277e-03 	3 	 4096 	 200 	 2.000e-01 	 2.000e-01 	 2.000e-01  	 1.581e-07  	 1.000e-08 	 1.0e+01 	 6.5e+01 	 7.7e+01	 1.4e+03
5 	 -1.4069e-02 	 1.9401e+00 	 3.1225e+00 	 -0.0000e+00 	 -0.0000e+00 	3 	 4096 	 200 	 2.000e-01 	 2.000e-01 	 2.000e-01  	 1.581e-07  	 1.000e-08 	 0.0e+00 	 0.0e+00 	 0.0e+00	 1.4e+03
