0.83 	 0.73 	 0.95 	 5.88 	 0.10 	 5.000000e-02 	 8.00e+01 	 1.00e-01 	 1  	 0  	 0  	 0 
1.85 	 0.73 	 0.89 	 5.58 	 0.10 	 5.000000e-02 	 8.00e+01 	 1.00e-01 	 1  	 0  	 0  	 0 
1.31 	 0.73 	 0.92 	 5.88 	 0.10 	 5.000000e-02 	 8.00e+01 	 1.00e-01 	 1  	 0  	 0  	 0 
0.52 	 0.73 	 0.96 	 5.11 	 0.10 	 5.000000e-02 	 8.00e+01 	 1.00e-01 	 1  	 0  	 0  	 0 
0.46 	 0.73 	 0.97 	 5.80 	 0.10 	 5.000000e-02 	 8.00e+01 	 1.00e-01 	 1  	 0  	 0  	 0 
0.77 	 0.73 	 0.95 	 5.89 	 0.10 	 5.000000e-02 	 8.00e+01 	 1.00e-01 	 1  	 0  	 0  	 0 
0.56 	 0.73 	 0.96 	 5.66 	 0.10 	 5.000000e-02 	 8.00e+01 	 1.00e-01 	 1  	 0  	 0  	 0 
0.91 	 0.74 	 0.94 	 5.48 	 0.10 	 5.000000e-02 	 8.00e+01 	 1.00e-01 	 1  	 0  	 0  	 0 
1.41 	 0.73 	 0.92 	 5.59 	 0.10 	 5.000000e-02 	 8.00e+01 	 1.00e-01 	 1  	 0  	 0  	 0 
0.46 	 0.73 	 0.97 	 5.86 	 0.10 	 5.000000e-02 	 8.00e+01 	 1.00e-01 	 1  	 0  	 0  	 0 
0.79 	 0.73 	 0.95 	 5.63 	 0.10 	 5.000000e-02 	 8.00e+01 	 1.00e-01 	 1  	 0  	 0  	 0 
0.92 	 0.73 	 0.94 	 5.39 	 0.10 	 5.000000e-02 	 8.00e+01 	 1.00e-01 	 1  	 0  	 0  	 0 
1.20 	 0.73 	 0.93 	 5.44 	 0.10 	 5.000000e-02 	 8.00e+01 	 1.00e-01 	 1  	 0  	 0  	 0 
0.95 	 0.73 	 0.94 	 5.73 	 0.10 	 5.000000e-02 	 8.00e+01 	 1.00e-01 	 1  	 0  	 0  	 0 
0.46 	 0.73 	 0.96 	 5.36 	 0.10 	 5.000000e-02 	 8.00e+01 	 1.00e-01 	 1  	 0  	 0  	 0 
0.75 	 0.73 	 0.95 	 5.44 	 0.10 	 5.000000e-02 	 8.00e+01 	 1.00e-01 	 1  	 0  	 0  	 0 
2.47 	 0.73 	 0.86 	 5.58 	 0.10 	 5.000000e-02 	 8.00e+01 	 1.00e-01 	 1  	 0  	 0  	 0 
0.49 	 0.73 	 0.96 	 5.50 	 0.10 	 5.000000e-02 	 8.00e+01 	 1.00e-01 	 1  	 0  	 0  	 0 
1.04 	 0.73 	 0.94 	 5.88 	 0.10 	 5.000000e-02 	 8.00e+01 	 1.00e-01 	 1  	 0  	 0  	 0 
0.71 	 0.73 	 0.95 	 5.88 	 0.10 	 5.000000e-02 	 8.00e+01 	 1.00e-01 	 1  	 0  	 0  	 0 
0.43 	 0.59 	 0.76 	 5.47 	 0.50 	 5.000000e-02 	 8.00e+01 	 5.00e-01 	 1  	 0  	 0  	 0 
0.48 	 0.59 	 0.76 	 5.30 	 0.50 	 5.000000e-02 	 8.00e+01 	 5.00e-01 	 1  	 0  	 0  	 0 
0.89 	 0.59 	 0.74 	 5.72 	 0.50 	 5.000000e-02 	 8.00e+01 	 5.00e-01 	 1  	 0  	 0  	 0 
2.50 	 0.59 	 0.65 	 5.31 	 0.50 	 5.000000e-02 	 8.00e+01 	 5.00e-01 	 1  	 0  	 0  	 0 
0.77 	 0.60 	 0.74 	 5.20 	 0.50 	 5.000000e-02 	 8.00e+01 	 5.00e-01 	 1  	 0  	 0  	 0 
0.30 	 0.60 	 0.77 	 5.27 	 0.50 	 5.000000e-02 	 8.00e+01 	 5.00e-01 	 1  	 0  	 0  	 0 
0.57 	 0.59 	 0.75 	 5.55 	 0.50 	 5.000000e-02 	 8.00e+01 	 5.00e-01 	 1  	 0  	 0  	 0 
0.50 	 0.59 	 0.76 	 5.56 	 0.50 	 5.000000e-02 	 8.00e+01 	 5.00e-01 	 1  	 0  	 0  	 0 
0.44 	 0.59 	 0.76 	 5.50 	 0.50 	 5.000000e-02 	 8.00e+01 	 5.00e-01 	 1  	 0  	 0  	 0 
0.75 	 0.59 	 0.74 	 5.41 	 0.50 	 5.000000e-02 	 8.00e+01 	 5.00e-01 	 1  	 0  	 0  	 0 
0.50 	 0.59 	 0.76 	 5.59 	 0.50 	 5.000000e-02 	 8.00e+01 	 5.00e-01 	 1  	 0  	 0  	 0 
0.52 	 0.59 	 0.76 	 5.34 	 0.50 	 5.000000e-02 	 8.00e+01 	 5.00e-01 	 1  	 0  	 0  	 0 
1.07 	 0.59 	 0.73 	 5.63 	 0.50 	 5.000000e-02 	 8.00e+01 	 5.00e-01 	 1  	 0  	 0  	 0 
0.40 	 0.59 	 0.76 	 5.70 	 0.50 	 5.000000e-02 	 8.00e+01 	 5.00e-01 	 1  	 0  	 0  	 0 
0.38 	 0.59 	 0.76 	 5.64 	 0.50 	 5.000000e-02 	 8.00e+01 	 5.00e-01 	 1  	 0  	 0  	 0 
1.42 	 0.59 	 0.71 	 5.67 	 0.50 	 5.000000e-02 	 8.00e+01 	 5.00e-01 	 1  	 0  	 0  	 0 
0.72 	 0.60 	 0.75 	 5.38 	 0.50 	 5.000000e-02 	 8.00e+01 	 5.00e-01 	 1  	 0  	 0  	 0 
1.44 	 0.59 	 0.71 	 5.50 	 0.50 	 5.000000e-02 	 8.00e+01 	 5.00e-01 	 1  	 0  	 0  	 0 
0.34 	 0.59 	 0.77 	 5.47 	 0.50 	 5.000000e-02 	 8.00e+01 	 5.00e-01 	 1  	 0  	 0  	 0 
0.58 	 0.60 	 0.75 	 5.16 	 0.50 	 5.000000e-02 	 8.00e+01 	 5.00e-01 	 1  	 0  	 0  	 0 
0.16 	 0.45 	 0.60 	 5.45 	 1.00 	 5.000000e-02 	 8.00e+01 	 1.00e+00 	 1  	 0  	 0  	 0 
0.70 	 0.45 	 0.58 	 5.33 	 1.00 	 5.000000e-02 	 8.00e+01 	 1.00e+00 	 1  	 0  	 0  	 0 
0.65 	 0.45 	 0.58 	 5.50 	 1.00 	 5.000000e-02 	 8.00e+01 	 1.00e+00 	 1  	 0  	 0  	 0 
0.34 	 0.45 	 0.60 	 5.34 	 1.00 	 5.000000e-02 	 8.00e+01 	 1.00e+00 	 1  	 0  	 0  	 0 
0.78 	 0.45 	 0.57 	 5.77 	 1.00 	 5.000000e-02 	 8.00e+01 	 1.00e+00 	 1  	 0  	 0  	 0 
0.42 	 0.45 	 0.59 	 5.28 	 1.00 	 5.000000e-02 	 8.00e+01 	 1.00e+00 	 1  	 0  	 0  	 0 
0.49 	 0.45 	 0.59 	 5.70 	 1.00 	 5.000000e-02 	 8.00e+01 	 1.00e+00 	 1  	 0  	 0  	 0 
0.60 	 0.45 	 0.58 	 5.77 	 1.00 	 5.000000e-02 	 8.00e+01 	 1.00e+00 	 1  	 0  	 0  	 0 
0.67 	 0.45 	 0.58 	 5.80 	 1.00 	 5.000000e-02 	 8.00e+01 	 1.00e+00 	 1  	 0  	 0  	 0 
0.28 	 0.45 	 0.60 	 6.03 	 1.00 	 5.000000e-02 	 8.00e+01 	 1.00e+00 	 1  	 0  	 0  	 0 
0.36 	 0.45 	 0.59 	 5.75 	 1.00 	 5.000000e-02 	 8.00e+01 	 1.00e+00 	 1  	 0  	 0  	 0 
0.11 	 0.45 	 0.61 	 5.38 	 1.00 	 5.000000e-02 	 8.00e+01 	 1.00e+00 	 1  	 0  	 0  	 0 
0.54 	 0.45 	 0.58 	 5.72 	 1.00 	 5.000000e-02 	 8.00e+01 	 1.00e+00 	 1  	 0  	 0  	 0 
0.84 	 0.45 	 0.57 	 5.45 	 1.00 	 5.000000e-02 	 8.00e+01 	 1.00e+00 	 1  	 0  	 0  	 0 
0.44 	 0.45 	 0.59 	 5.55 	 1.00 	 5.000000e-02 	 8.00e+01 	 1.00e+00 	 1  	 0  	 0  	 0 
0.19 	 0.45 	 0.60 	 5.09 	 1.00 	 5.000000e-02 	 8.00e+01 	 1.00e+00 	 1  	 0  	 0  	 0 
0.50 	 0.45 	 0.59 	 5.86 	 1.00 	 5.000000e-02 	 8.00e+01 	 1.00e+00 	 1  	 0  	 0  	 0 
3.04 	 0.44 	 0.46 	 5.06 	 1.00 	 5.000000e-02 	 8.00e+01 	 1.00e+00 	 1  	 0  	 0  	 0 
0.33 	 0.45 	 0.60 	 5.39 	 1.00 	 5.000000e-02 	 8.00e+01 	 1.00e+00 	 1  	 0  	 0  	 0 
0.40 	 0.44 	 0.59 	 5.80 	 1.00 	 5.000000e-02 	 8.00e+01 	 1.00e+00 	 1  	 0  	 0  	 0 
0.14 	 0.18 	 0.25 	 5.23 	 5.00 	 5.000000e-02 	 8.00e+01 	 5.00e+00 	 1  	 0  	 0  	 0 
0.15 	 0.17 	 0.25 	 5.44 	 5.00 	 5.000000e-02 	 8.00e+01 	 5.00e+00 	 1  	 0  	 0  	 0 
0.18 	 0.17 	 0.25 	 5.36 	 5.00 	 5.000000e-02 	 8.00e+01 	 5.00e+00 	 1  	 0  	 0  	 0 
0.09 	 0.17 	 0.25 	 5.41 	 5.00 	 5.000000e-02 	 8.00e+01 	 5.00e+00 	 1  	 0  	 0  	 0 
0.16 	 0.17 	 0.25 	 5.30 	 5.00 	 5.000000e-02 	 8.00e+01 	 5.00e+00 	 1  	 0  	 0  	 0 
0.19 	 0.18 	 0.25 	 5.80 	 5.00 	 5.000000e-02 	 8.00e+01 	 5.00e+00 	 1  	 0  	 0  	 0 
1.23 	 0.17 	 0.19 	 5.56 	 5.00 	 5.000000e-02 	 8.00e+01 	 5.00e+00 	 1  	 0  	 0  	 0 
0.10 	 0.18 	 0.25 	 5.39 	 5.00 	 5.000000e-02 	 8.00e+01 	 5.00e+00 	 1  	 0  	 0  	 0 
0.20 	 0.17 	 0.25 	 5.36 	 5.00 	 5.000000e-02 	 8.00e+01 	 5.00e+00 	 1  	 0  	 0  	 0 
0.08 	 0.17 	 0.25 	 5.41 	 5.00 	 5.000000e-02 	 8.00e+01 	 5.00e+00 	 1  	 0  	 0  	 0 
0.37 	 0.17 	 0.24 	 5.59 	 5.00 	 5.000000e-02 	 8.00e+01 	 5.00e+00 	 1  	 0  	 0  	 0 
0.19 	 0.18 	 0.25 	 5.34 	 5.00 	 5.000000e-02 	 8.00e+01 	 5.00e+00 	 1  	 0  	 0  	 0 
0.06 	 0.17 	 0.25 	 5.83 	 5.00 	 5.000000e-02 	 8.00e+01 	 5.00e+00 	 1  	 0  	 0  	 0 
0.14 	 0.17 	 0.25 	 5.63 	 5.00 	 5.000000e-02 	 8.00e+01 	 5.00e+00 	 1  	 0  	 0  	 0 
0.15 	 0.17 	 0.25 	 5.17 	 5.00 	 5.000000e-02 	 8.00e+01 	 5.00e+00 	 1  	 0  	 0  	 0 
0.32 	 0.18 	 0.24 	 5.50 	 5.00 	 5.000000e-02 	 8.00e+01 	 5.00e+00 	 1  	 0  	 0  	 0 
0.54 	 0.18 	 0.23 	 5.14 	 5.00 	 5.000000e-02 	 8.00e+01 	 5.00e+00 	 1  	 0  	 0  	 0 
0.23 	 0.18 	 0.24 	 5.39 	 5.00 	 5.000000e-02 	 8.00e+01 	 5.00e+00 	 1  	 0  	 0  	 0 
0.53 	 0.17 	 0.23 	 5.27 	 5.00 	 5.000000e-02 	 8.00e+01 	 5.00e+00 	 1  	 0  	 0  	 0 
0.32 	 0.18 	 0.24 	 5.38 	 5.00 	 5.000000e-02 	 8.00e+01 	 5.00e+00 	 1  	 0  	 0  	 0 
0.25 	 0.18 	 0.18 	 6.16 	 30.00 	 5.000000e-02 	 8.00e+01 	 3.00e+01 	 1  	 0  	 0  	 0 
0.22 	 0.19 	 0.18 	 5.58 	 30.00 	 5.000000e-02 	 8.00e+01 	 3.00e+01 	 1  	 0  	 0  	 0 
0.21 	 0.18 	 0.18 	 5.84 	 30.00 	 5.000000e-02 	 8.00e+01 	 3.00e+01 	 1  	 0  	 0  	 0 
0.11 	 0.18 	 0.19 	 6.17 	 30.00 	 5.000000e-02 	 8.00e+01 	 3.00e+01 	 1  	 0  	 0  	 0 
0.07 	 0.18 	 0.19 	 6.28 	 30.00 	 5.000000e-02 	 8.00e+01 	 3.00e+01 	 1  	 0  	 0  	 0 
0.25 	 0.18 	 0.18 	 6.03 	 30.00 	 5.000000e-02 	 8.00e+01 	 3.00e+01 	 1  	 0  	 0  	 0 
0.17 	 0.18 	 0.19 	 6.09 	 30.00 	 5.000000e-02 	 8.00e+01 	 3.00e+01 	 1  	 0  	 0  	 0 
0.73 	 0.18 	 0.15 	 6.16 	 30.00 	 5.000000e-02 	 8.00e+01 	 3.00e+01 	 1  	 0  	 0  	 0 
0.30 	 0.19 	 0.18 	 5.97 	 30.00 	 5.000000e-02 	 8.00e+01 	 3.00e+01 	 1  	 0  	 0  	 0 
0.19 	 0.19 	 0.18 	 6.00 	 30.00 	 5.000000e-02 	 8.00e+01 	 3.00e+01 	 1  	 0  	 0  	 0 
0.22 	 0.18 	 0.18 	 6.14 	 30.00 	 5.000000e-02 	 8.00e+01 	 3.00e+01 	 1  	 0  	 0  	 0 
0.78 	 0.19 	 0.17 	 5.55 	 30.00 	 5.000000e-02 	 8.00e+01 	 3.00e+01 	 1  	 0  	 0  	 0 
0.19 	 0.18 	 0.18 	 5.89 	 30.00 	 5.000000e-02 	 8.00e+01 	 3.00e+01 	 1  	 0  	 0  	 0 
0.08 	 0.19 	 0.19 	 6.00 	 30.00 	 5.000000e-02 	 8.00e+01 	 3.00e+01 	 1  	 0  	 0  	 0 
0.08 	 0.18 	 0.19 	 5.95 	 30.00 	 5.000000e-02 	 8.00e+01 	 3.00e+01 	 1  	 0  	 0  	 0 
0.06 	 0.18 	 0.19 	 6.36 	 30.00 	 5.000000e-02 	 8.00e+01 	 3.00e+01 	 1  	 0  	 0  	 0 
0.25 	 0.18 	 0.18 	 5.92 	 30.00 	 5.000000e-02 	 8.00e+01 	 3.00e+01 	 1  	 0  	 0  	 0 
0.21 	 0.18 	 0.18 	 5.81 	 30.00 	 5.000000e-02 	 8.00e+01 	 3.00e+01 	 1  	 0  	 0  	 0 
0.13 	 0.17 	 0.19 	 6.25 	 30.00 	 5.000000e-02 	 8.00e+01 	 3.00e+01 	 1  	 0  	 0  	 0 
0.17 	 0.18 	 0.19 	 6.16 	 30.00 	 5.000000e-02 	 8.00e+01 	 3.00e+01 	 1  	 0  	 0  	 0 
0.21 	 0.19 	 0.18 	 5.94 	 40.00 	 5.000000e-02 	 8.00e+01 	 4.00e+01 	 1  	 0  	 0  	 0 
0.14 	 0.20 	 0.18 	 5.84 	 40.00 	 5.000000e-02 	 8.00e+01 	 4.00e+01 	 1  	 0  	 0  	 0 
0.24 	 0.19 	 0.18 	 6.06 	 40.00 	 5.000000e-02 	 8.00e+01 	 4.00e+01 	 1  	 0  	 0  	 0 
0.39 	 0.19 	 0.17 	 6.30 	 40.00 	 5.000000e-02 	 8.00e+01 	 4.00e+01 	 1  	 0  	 0  	 0 
0.22 	 0.18 	 0.18 	 5.95 	 40.00 	 5.000000e-02 	 8.00e+01 	 4.00e+01 	 1  	 0  	 0  	 0 
0.61 	 0.18 	 0.16 	 6.14 	 40.00 	 5.000000e-02 	 8.00e+01 	 4.00e+01 	 1  	 0  	 0  	 0 
0.22 	 0.19 	 0.18 	 6.11 	 40.00 	 5.000000e-02 	 8.00e+01 	 4.00e+01 	 1  	 0  	 0  	 0 
0.16 	 0.21 	 0.19 	 6.38 	 40.00 	 5.000000e-02 	 8.00e+01 	 4.00e+01 	 1  	 0  	 0  	 0 
0.24 	 0.19 	 0.18 	 6.39 	 40.00 	 5.000000e-02 	 8.00e+01 	 4.00e+01 	 1  	 0  	 0  	 0 
0.10 	 0.19 	 0.19 	 6.34 	 40.00 	 5.000000e-02 	 8.00e+01 	 4.00e+01 	 1  	 0  	 0  	 0 
0.10 	 0.18 	 0.18 	 5.89 	 40.00 	 5.000000e-02 	 8.00e+01 	 4.00e+01 	 1  	 0  	 0  	 0 
0.10 	 0.19 	 0.18 	 5.78 	 40.00 	 5.000000e-02 	 8.00e+01 	 4.00e+01 	 1  	 0  	 0  	 0 
0.05 	 0.19 	 0.19 	 6.06 	 40.00 	 5.000000e-02 	 8.00e+01 	 4.00e+01 	 1  	 0  	 0  	 0 
0.24 	 0.19 	 0.18 	 6.06 	 40.00 	 5.000000e-02 	 8.00e+01 	 4.00e+01 	 1  	 0  	 0  	 0 
0.10 	 0.19 	 0.18 	 5.91 	 40.00 	 5.000000e-02 	 8.00e+01 	 4.00e+01 	 1  	 0  	 0  	 0 
0.17 	 0.19 	 0.18 	 6.08 	 40.00 	 5.000000e-02 	 8.00e+01 	 4.00e+01 	 1  	 0  	 0  	 0 
0.26 	 0.19 	 0.18 	 6.06 	 40.00 	 5.000000e-02 	 8.00e+01 	 4.00e+01 	 1  	 0  	 0  	 0 
0.33 	 0.19 	 0.17 	 6.27 	 40.00 	 5.000000e-02 	 8.00e+01 	 4.00e+01 	 1  	 0  	 0  	 0 
0.20 	 0.19 	 0.18 	 6.03 	 40.00 	 5.000000e-02 	 8.00e+01 	 4.00e+01 	 1  	 0  	 0  	 0 
0.34 	 0.19 	 0.17 	 6.30 	 40.00 	 5.000000e-02 	 8.00e+01 	 4.00e+01 	 1  	 0  	 0  	 0 
0.21 	 0.18 	 0.18 	 5.88 	 50.00 	 5.000000e-02 	 8.00e+01 	 5.00e+01 	 1  	 0  	 0  	 0 
0.37 	 0.19 	 0.17 	 6.05 	 50.00 	 5.000000e-02 	 8.00e+01 	 5.00e+01 	 1  	 0  	 0  	 0 
0.54 	 0.19 	 0.17 	 6.41 	 50.00 	 5.000000e-02 	 8.00e+01 	 5.00e+01 	 1  	 0  	 0  	 0 
0.27 	 0.20 	 0.18 	 6.23 	 50.00 	 5.000000e-02 	 8.00e+01 	 5.00e+01 	 1  	 0  	 0  	 0 
0.29 	 0.20 	 0.17 	 6.41 	 50.00 	 5.000000e-02 	 8.00e+01 	 5.00e+01 	 1  	 0  	 0  	 0 
0.10 	 0.19 	 0.18 	 5.81 	 50.00 	 5.000000e-02 	 8.00e+01 	 5.00e+01 	 1  	 0  	 0  	 0 
0.12 	 0.19 	 0.18 	 6.44 	 50.00 	 5.000000e-02 	 8.00e+01 	 5.00e+01 	 1  	 0  	 0  	 0 
0.28 	 0.21 	 0.17 	 6.08 	 50.00 	 5.000000e-02 	 8.00e+01 	 5.00e+01 	 1  	 0  	 0  	 0 
0.08 	 0.19 	 0.18 	 6.05 	 50.00 	 5.000000e-02 	 8.00e+01 	 5.00e+01 	 1  	 0  	 0  	 0 
0.12 	 0.20 	 0.18 	 6.16 	 50.00 	 5.000000e-02 	 8.00e+01 	 5.00e+01 	 1  	 0  	 0  	 0 
0.17 	 0.19 	 0.18 	 6.11 	 50.00 	 5.000000e-02 	 8.00e+01 	 5.00e+01 	 1  	 0  	 0  	 0 
0.13 	 0.19 	 0.18 	 6.45 	 50.00 	 5.000000e-02 	 8.00e+01 	 5.00e+01 	 1  	 0  	 0  	 0 
0.19 	 0.19 	 0.18 	 6.33 	 50.00 	 5.000000e-02 	 8.00e+01 	 5.00e+01 	 1  	 0  	 0  	 0 
0.34 	 0.19 	 0.17 	 6.48 	 50.00 	 5.000000e-02 	 8.00e+01 	 5.00e+01 	 1  	 0  	 0  	 0 
0.75 	 0.19 	 0.15 	 6.19 	 50.00 	 5.000000e-02 	 8.00e+01 	 5.00e+01 	 1  	 0  	 0  	 0 
0.10 	 0.19 	 0.18 	 6.09 	 50.00 	 5.000000e-02 	 8.00e+01 	 5.00e+01 	 1  	 0  	 0  	 0 
0.18 	 0.19 	 0.18 	 6.25 	 50.00 	 5.000000e-02 	 8.00e+01 	 5.00e+01 	 1  	 0  	 0  	 0 
0.37 	 0.19 	 0.17 	 6.20 	 50.00 	 5.000000e-02 	 8.00e+01 	 5.00e+01 	 1  	 0  	 0  	 0 
0.06 	 0.19 	 0.18 	 6.03 	 50.00 	 5.000000e-02 	 8.00e+01 	 5.00e+01 	 1  	 0  	 0  	 0 
0.03 	 0.19 	 0.18 	 6.64 	 50.00 	 5.000000e-02 	 8.00e+01 	 5.00e+01 	 1  	 0  	 0  	 0 
0.13 	 0.19 	 0.18 	 5.78 	 100.00 	 5.000000e-02 	 8.00e+01 	 1.00e+02 	 1  	 0  	 0  	 0 
0.04 	 0.19 	 0.18 	 6.02 	 100.00 	 5.000000e-02 	 8.00e+01 	 1.00e+02 	 1  	 0  	 0  	 0 
0.16 	 0.19 	 0.18 	 6.03 	 100.00 	 5.000000e-02 	 8.00e+01 	 1.00e+02 	 1  	 0  	 0  	 0 
0.10 	 0.20 	 0.18 	 6.28 	 100.00 	 5.000000e-02 	 8.00e+01 	 1.00e+02 	 1  	 0  	 0  	 0 
0.38 	 0.20 	 0.16 	 5.70 	 100.00 	 5.000000e-02 	 8.00e+01 	 1.00e+02 	 1  	 0  	 0  	 0 
0.18 	 0.20 	 0.17 	 6.06 	 100.00 	 5.000000e-02 	 8.00e+01 	 1.00e+02 	 1  	 0  	 0  	 0 
0.21 	 0.20 	 0.17 	 6.06 	 100.00 	 5.000000e-02 	 8.00e+01 	 1.00e+02 	 1  	 0  	 0  	 0 
0.57 	 0.20 	 0.15 	 5.63 	 100.00 	 5.000000e-02 	 8.00e+01 	 1.00e+02 	 1  	 0  	 0  	 0 
0.32 	 0.23 	 0.18 	 6.55 	 100.00 	 5.000000e-02 	 8.00e+01 	 1.00e+02 	 1  	 0  	 0  	 0 
0.61 	 0.24 	 0.17 	 6.34 	 100.00 	 5.000000e-02 	 8.00e+01 	 1.00e+02 	 1  	 0  	 0  	 0 
0.29 	 0.19 	 0.18 	 6.42 	 100.00 	 5.000000e-02 	 8.00e+01 	 1.00e+02 	 1  	 0  	 0  	 0 
0.09 	 0.20 	 0.18 	 6.08 	 100.00 	 5.000000e-02 	 8.00e+01 	 1.00e+02 	 1  	 0  	 0  	 0 
0.09 	 0.20 	 0.18 	 6.42 	 100.00 	 5.000000e-02 	 8.00e+01 	 1.00e+02 	 1  	 0  	 0  	 0 
0.15 	 0.20 	 0.18 	 6.16 	 100.00 	 5.000000e-02 	 8.00e+01 	 1.00e+02 	 1  	 0  	 0  	 0 
0.34 	 0.21 	 0.17 	 5.84 	 100.00 	 5.000000e-02 	 8.00e+01 	 1.00e+02 	 1  	 0  	 0  	 0 
0.65 	 0.20 	 0.15 	 6.27 	 100.00 	 5.000000e-02 	 8.00e+01 	 1.00e+02 	 1  	 0  	 0  	 0 
0.07 	 0.20 	 0.18 	 6.17 	 100.00 	 5.000000e-02 	 8.00e+01 	 1.00e+02 	 1  	 0  	 0  	 0 
0.18 	 0.21 	 0.18 	 5.89 	 100.00 	 5.000000e-02 	 8.00e+01 	 1.00e+02 	 1  	 0  	 0  	 0 
0.24 	 0.20 	 0.17 	 5.81 	 100.00 	 5.000000e-02 	 8.00e+01 	 1.00e+02 	 1  	 0  	 0  	 0 
0.09 	 0.19 	 0.18 	 6.06 	 100.00 	 5.000000e-02 	 8.00e+01 	 1.00e+02 	 1  	 0  	 0  	 0 
0.14 	 0.49 	 0.17 	 6.16 	 500.00 	 5.000000e-02 	 8.00e+01 	 5.00e+02 	 1  	 0  	 0  	 0 
0.21 	 0.43 	 0.17 	 6.42 	 500.00 	 5.000000e-02 	 8.00e+01 	 5.00e+02 	 1  	 0  	 0  	 0 
0.27 	 0.39 	 0.16 	 5.91 	 500.00 	 5.000000e-02 	 8.00e+01 	 5.00e+02 	 1  	 0  	 0  	 0 
0.16 	 0.49 	 0.17 	 6.19 	 500.00 	 5.000000e-02 	 8.00e+01 	 5.00e+02 	 1  	 0  	 0  	 0 
0.42 	 0.29 	 0.16 	 6.13 	 500.00 	 5.000000e-02 	 8.00e+01 	 5.00e+02 	 1  	 0  	 0  	 0 
0.15 	 0.48 	 0.17 	 6.50 	 500.00 	 5.000000e-02 	 8.00e+01 	 5.00e+02 	 1  	 0  	 0  	 0 
0.22 	 0.24 	 0.17 	 6.17 	 500.00 	 5.000000e-02 	 8.00e+01 	 5.00e+02 	 1  	 0  	 0  	 0 
0.07 	 0.46 	 0.17 	 6.55 	 500.00 	 5.000000e-02 	 8.00e+01 	 5.00e+02 	 1  	 0  	 0  	 0 
0.77 	 0.82 	 0.17 	 6.42 	 500.00 	 5.000000e-02 	 8.00e+01 	 5.00e+02 	 1  	 0  	 0  	 0 
1.04 	 0.27 	 0.17 	 6.53 	 500.00 	 5.000000e-02 	 8.00e+01 	 5.00e+02 	 1  	 0  	 0  	 0 
0.24 	 0.42 	 0.17 	 6.52 	 500.00 	 5.000000e-02 	 8.00e+01 	 5.00e+02 	 1  	 0  	 0  	 0 
0.05 	 0.41 	 0.18 	 6.17 	 500.00 	 5.000000e-02 	 8.00e+01 	 5.00e+02 	 1  	 0  	 0  	 0 
0.12 	 0.42 	 0.17 	 6.48 	 500.00 	 5.000000e-02 	 8.00e+01 	 5.00e+02 	 1  	 0  	 0  	 0 
0.18 	 0.44 	 0.17 	 6.28 	 500.00 	 5.000000e-02 	 8.00e+01 	 5.00e+02 	 1  	 0  	 0  	 0 
5.33 	 0.47 	 0.17 	 6.61 	 500.00 	 5.000000e-02 	 8.00e+01 	 5.00e+02 	 1  	 0  	 0  	 0 
0.77 	 0.47 	 0.15 	 6.39 	 500.00 	 5.000000e-02 	 8.00e+01 	 5.00e+02 	 1  	 0  	 0  	 0 
1.20 	 0.82 	 0.17 	 6.67 	 500.00 	 5.000000e-02 	 8.00e+01 	 5.00e+02 	 1  	 0  	 0  	 0 
0.12 	 0.28 	 0.17 	 6.08 	 500.00 	 5.000000e-02 	 8.00e+01 	 5.00e+02 	 1  	 0  	 0  	 0 
0.13 	 0.48 	 0.17 	 6.58 	 500.00 	 5.000000e-02 	 8.00e+01 	 5.00e+02 	 1  	 0  	 0  	 0 
0.11 	 0.76 	 0.17 	 5.95 	 500.00 	 5.000000e-02 	 8.00e+01 	 5.00e+02 	 1  	 0  	 0  	 0 
0.15 	 0.68 	 0.17 	 6.42 	 1000.00 	 5.000000e-02 	 8.00e+01 	 1.00e+03 	 1  	 0  	 0  	 0 
0.27 	 0.26 	 0.17 	 6.42 	 1000.00 	 5.000000e-02 	 8.00e+01 	 1.00e+03 	 1  	 0  	 0  	 0 
104.93 	 1.71 	 0.17 	 6.67 	 1000.00 	 5.000000e-02 	 8.00e+01 	 1.00e+03 	 1  	 0  	 0  	 0 
1.31 	 2.02 	 0.17 	 6.56 	 1000.00 	 5.000000e-02 	 8.00e+01 	 1.00e+03 	 1  	 0  	 0  	 0 
0.07 	 0.61 	 0.17 	 6.50 	 1000.00 	 5.000000e-02 	 8.00e+01 	 1.00e+03 	 1  	 0  	 0  	 0 
0.17 	 0.74 	 0.17 	 6.44 	 1000.00 	 5.000000e-02 	 8.00e+01 	 1.00e+03 	 1  	 0  	 0  	 0 
0.09 	 0.47 	 0.17 	 6.52 	 1000.00 	 5.000000e-02 	 8.00e+01 	 1.00e+03 	 1  	 0  	 0  	 0 
0.22 	 0.53 	 0.16 	 6.61 	 1000.00 	 5.000000e-02 	 8.00e+01 	 1.00e+03 	 1  	 0  	 0  	 0 
0.19 	 0.42 	 0.17 	 6.75 	 1000.00 	 5.000000e-02 	 8.00e+01 	 1.00e+03 	 1  	 0  	 0  	 0 
0.46 	 0.31 	 0.15 	 6.66 	 1000.00 	 5.000000e-02 	 8.00e+01 	 1.00e+03 	 1  	 0  	 0  	 0 
0.20 	 0.49 	 0.17 	 6.64 	 1000.00 	 5.000000e-02 	 8.00e+01 	 1.00e+03 	 1  	 0  	 0  	 0 
0.52 	 1.00 	 0.15 	 6.48 	 1000.00 	 5.000000e-02 	 8.00e+01 	 1.00e+03 	 1  	 0  	 0  	 0 
2.59 	 2.39 	 0.15 	 6.42 	 1000.00 	 5.000000e-02 	 8.00e+01 	 1.00e+03 	 1  	 0  	 0  	 0 
0.11 	 2.69 	 0.17 	 7.58 	 1000.00 	 5.000000e-02 	 8.00e+01 	 1.00e+03 	 1  	 0  	 0  	 0 
7.72 	 3.25 	 0.17 	 6.38 	 1000.00 	 5.000000e-02 	 8.00e+01 	 1.00e+03 	 1  	 0  	 0  	 0 
0.13 	 0.76 	 0.17 	 6.73 	 1000.00 	 5.000000e-02 	 8.00e+01 	 1.00e+03 	 1  	 0  	 0  	 0 
0.44 	 0.98 	 0.17 	 6.50 	 1000.00 	 5.000000e-02 	 8.00e+01 	 1.00e+03 	 1  	 0  	 0  	 0 
2.88 	 0.67 	 0.16 	 6.47 	 1000.00 	 5.000000e-02 	 8.00e+01 	 1.00e+03 	 1  	 0  	 0  	 0 
0.12 	 0.46 	 0.17 	 6.78 	 1000.00 	 5.000000e-02 	 8.00e+01 	 1.00e+03 	 1  	 0  	 0  	 0 
0.14 	 0.36 	 0.17 	 6.72 	 1000.00 	 5.000000e-02 	 8.00e+01 	 1.00e+03 	 1  	 0  	 0  	 0 
1.28 	 0.16 	 0.21 	 7.08 	 6.20 	 5.000000e-02 	 8.00e+01 	 1.00e+01 	 1  	 1  	 0  	 0 
0.39 	 0.16 	 0.25 	 6.39 	 6.12 	 5.000000e-02 	 8.00e+01 	 1.00e+01 	 1  	 1  	 0  	 0 
0.24 	 0.16 	 0.26 	 7.30 	 6.17 	 5.000000e-02 	 8.00e+01 	 1.00e+01 	 1  	 1  	 0  	 0 
0.22 	 0.16 	 0.26 	 6.23 	 6.30 	 5.000000e-02 	 8.00e+01 	 1.00e+01 	 1  	 1  	 0  	 0 
1.08 	 0.16 	 0.21 	 6.48 	 5.90 	 5.000000e-02 	 8.00e+01 	 1.00e+01 	 1  	 1  	 0  	 0 
0.36 	 0.16 	 0.25 	 6.75 	 6.35 	 5.000000e-02 	 8.00e+01 	 1.00e+01 	 1  	 1  	 0  	 0 
0.14 	 0.16 	 0.26 	 6.52 	 6.73 	 5.000000e-02 	 8.00e+01 	 1.00e+01 	 1  	 1  	 0  	 0 
0.40 	 0.16 	 0.25 	 6.36 	 6.54 	 5.000000e-02 	 8.00e+01 	 1.00e+01 	 1  	 1  	 0  	 0 
0.10 	 0.16 	 0.27 	 6.53 	 6.21 	 5.000000e-02 	 8.00e+01 	 1.00e+01 	 1  	 1  	 0  	 0 
0.08 	 0.16 	 0.27 	 6.47 	 6.29 	 5.000000e-02 	 8.00e+01 	 1.00e+01 	 1  	 1  	 0  	 0 
0.06 	 0.16 	 0.27 	 6.48 	 6.35 	 5.000000e-02 	 8.00e+01 	 1.00e+01 	 1  	 1  	 0  	 0 
0.06 	 0.16 	 0.27 	 6.38 	 6.34 	 5.000000e-02 	 8.00e+01 	 1.00e+01 	 1  	 1  	 0  	 0 
0.19 	 0.16 	 0.26 	 6.94 	 6.22 	 5.000000e-02 	 8.00e+01 	 1.00e+01 	 1  	 1  	 0  	 0 
0.03 	 0.16 	 0.27 	 6.41 	 6.28 	 5.000000e-02 	 8.00e+01 	 1.00e+01 	 1  	 1  	 0  	 0 
0.16 	 0.16 	 0.26 	 6.38 	 6.28 	 5.000000e-02 	 8.00e+01 	 1.00e+01 	 1  	 1  	 0  	 0 
0.06 	 0.16 	 0.27 	 6.38 	 6.34 	 5.000000e-02 	 8.00e+01 	 1.00e+01 	 1  	 1  	 0  	 0 
0.15 	 0.16 	 0.26 	 6.53 	 6.10 	 5.000000e-02 	 8.00e+01 	 1.00e+01 	 1  	 1  	 0  	 0 
0.10 	 0.16 	 0.27 	 7.03 	 6.31 	 5.000000e-02 	 8.00e+01 	 1.00e+01 	 1  	 1  	 0  	 0 
0.16 	 0.16 	 0.26 	 6.11 	 6.42 	 5.000000e-02 	 8.00e+01 	 1.00e+01 	 1  	 1  	 0  	 0 
0.25 	 0.16 	 0.26 	 6.70 	 6.25 	 5.000000e-02 	 8.00e+01 	 1.00e+01 	 1  	 1  	 0  	 0 
0.14 	 0.16 	 0.26 	 6.22 	 6.14 	 5.000000e-02 	 8.00e+01 	 3.00e+01 	 1  	 1  	 0  	 0 
0.25 	 0.16 	 0.26 	 6.70 	 6.03 	 5.000000e-02 	 8.00e+01 	 3.00e+01 	 1  	 1  	 0  	 0 
0.10 	 0.16 	 0.27 	 6.73 	 6.33 	 5.000000e-02 	 8.00e+01 	 3.00e+01 	 1  	 1  	 0  	 0 
0.08 	 0.16 	 0.27 	 6.44 	 6.28 	 5.000000e-02 	 8.00e+01 	 3.00e+01 	 1  	 1  	 0  	 0 
0.04 	 0.16 	 0.27 	 6.34 	 6.24 	 5.000000e-02 	 8.00e+01 	 3.00e+01 	 1  	 1  	 0  	 0 
0.27 	 0.16 	 0.26 	 6.23 	 6.47 	 5.000000e-02 	 8.00e+01 	 3.00e+01 	 1  	 1  	 0  	 0 
0.26 	 0.16 	 0.26 	 7.09 	 6.38 	 5.000000e-02 	 8.00e+01 	 3.00e+01 	 1  	 1  	 0  	 0 
1.15 	 0.16 	 0.21 	 6.27 	 6.67 	 5.000000e-02 	 8.00e+01 	 3.00e+01 	 1  	 1  	 0  	 0 
0.15 	 0.16 	 0.26 	 6.73 	 6.28 	 5.000000e-02 	 8.00e+01 	 3.00e+01 	 1  	 1  	 0  	 0 
0.18 	 0.16 	 0.26 	 6.30 	 6.14 	 5.000000e-02 	 8.00e+01 	 3.00e+01 	 1  	 1  	 0  	 0 
0.20 	 0.16 	 0.26 	 6.75 	 6.36 	 5.000000e-02 	 8.00e+01 	 3.00e+01 	 1  	 1  	 0  	 0 
0.10 	 0.16 	 0.27 	 6.14 	 6.18 	 5.000000e-02 	 8.00e+01 	 3.00e+01 	 1  	 1  	 0  	 0 
0.21 	 0.16 	 0.26 	 6.61 	 6.54 	 5.000000e-02 	 8.00e+01 	 3.00e+01 	 1  	 1  	 0  	 0 
1.45 	 0.16 	 0.20 	 6.95 	 5.63 	 5.000000e-02 	 8.00e+01 	 3.00e+01 	 1  	 1  	 0  	 0 
0.10 	 0.16 	 0.27 	 6.39 	 6.26 	 5.000000e-02 	 8.00e+01 	 3.00e+01 	 1  	 1  	 0  	 0 
0.12 	 0.16 	 0.27 	 6.84 	 6.18 	 5.000000e-02 	 8.00e+01 	 3.00e+01 	 1  	 1  	 0  	 0 
0.13 	 0.16 	 0.26 	 6.70 	 6.50 	 5.000000e-02 	 8.00e+01 	 3.00e+01 	 1  	 1  	 0  	 0 
0.15 	 0.16 	 0.26 	 6.55 	 6.24 	 5.000000e-02 	 8.00e+01 	 3.00e+01 	 1  	 1  	 0  	 0 
0.41 	 0.16 	 0.25 	 6.72 	 6.60 	 5.000000e-02 	 8.00e+01 	 3.00e+01 	 1  	 1  	 0  	 0 
0.16 	 0.16 	 0.26 	 6.81 	 6.22 	 5.000000e-02 	 8.00e+01 	 3.00e+01 	 1  	 1  	 0  	 0 
0.08 	 0.16 	 0.27 	 6.73 	 6.20 	 5.000000e-02 	 8.00e+01 	 5.00e+01 	 1  	 1  	 0  	 0 
0.03 	 0.16 	 0.27 	 7.25 	 6.32 	 5.000000e-02 	 8.00e+01 	 5.00e+01 	 1  	 1  	 0  	 0 
0.17 	 0.16 	 0.26 	 6.89 	 6.29 	 5.000000e-02 	 8.00e+01 	 5.00e+01 	 1  	 1  	 0  	 0 
0.18 	 0.16 	 0.26 	 6.98 	 6.45 	 5.000000e-02 	 8.00e+01 	 5.00e+01 	 1  	 1  	 0  	 0 
0.22 	 0.16 	 0.26 	 6.56 	 6.71 	 5.000000e-02 	 8.00e+01 	 5.00e+01 	 1  	 1  	 0  	 0 
0.24 	 0.16 	 0.26 	 7.17 	 6.38 	 5.000000e-02 	 8.00e+01 	 5.00e+01 	 1  	 1  	 0  	 0 
0.16 	 0.16 	 0.26 	 6.83 	 6.56 	 5.000000e-02 	 8.00e+01 	 5.00e+01 	 1  	 1  	 0  	 0 
0.94 	 0.16 	 0.22 	 7.16 	 6.28 	 5.000000e-02 	 8.00e+01 	 5.00e+01 	 1  	 1  	 0  	 0 
0.30 	 0.16 	 0.26 	 6.92 	 6.29 	 5.000000e-02 	 8.00e+01 	 5.00e+01 	 1  	 1  	 0  	 0 
0.13 	 0.16 	 0.27 	 7.13 	 6.22 	 5.000000e-02 	 8.00e+01 	 5.00e+01 	 1  	 1  	 0  	 0 
0.22 	 0.16 	 0.26 	 6.58 	 6.20 	 5.000000e-02 	 8.00e+01 	 5.00e+01 	 1  	 1  	 0  	 0 
0.37 	 0.16 	 0.25 	 6.69 	 6.12 	 5.000000e-02 	 8.00e+01 	 5.00e+01 	 1  	 1  	 0  	 0 
0.05 	 0.16 	 0.27 	 6.83 	 6.23 	 5.000000e-02 	 8.00e+01 	 5.00e+01 	 1  	 1  	 0  	 0 
0.39 	 0.16 	 0.25 	 7.03 	 6.28 	 5.000000e-02 	 8.00e+01 	 5.00e+01 	 1  	 1  	 0  	 0 
0.11 	 0.16 	 0.26 	 7.36 	 6.25 	 5.000000e-02 	 8.00e+01 	 5.00e+01 	 1  	 1  	 0  	 0 
0.34 	 0.16 	 0.26 	 6.48 	 6.64 	 5.000000e-02 	 8.00e+01 	 5.00e+01 	 1  	 1  	 0  	 0 
0.23 	 0.16 	 0.26 	 6.59 	 6.23 	 5.000000e-02 	 8.00e+01 	 5.00e+01 	 1  	 1  	 0  	 0 
0.17 	 0.16 	 0.26 	 6.58 	 6.25 	 5.000000e-02 	 8.00e+01 	 5.00e+01 	 1  	 1  	 0  	 0 
0.22 	 0.16 	 0.26 	 6.69 	 6.13 	 5.000000e-02 	 8.00e+01 	 5.00e+01 	 1  	 1  	 0  	 0 
1.03 	 0.16 	 0.22 	 7.20 	 5.86 	 5.000000e-02 	 8.00e+01 	 5.00e+01 	 1  	 1  	 0  	 0 
0.16 	 0.16 	 0.26 	 7.11 	 6.31 	 5.000000e-02 	 8.00e+01 	 1.00e+02 	 1  	 1  	 0  	 0 
0.05 	 0.16 	 0.27 	 7.44 	 6.28 	 5.000000e-02 	 8.00e+01 	 1.00e+02 	 1  	 1  	 0  	 0 
0.05 	 0.16 	 0.27 	 7.70 	 6.21 	 5.000000e-02 	 8.00e+01 	 1.00e+02 	 1  	 1  	 0  	 0 
0.09 	 0.16 	 0.27 	 6.75 	 6.40 	 5.000000e-02 	 8.00e+01 	 1.00e+02 	 1  	 1  	 0  	 0 
0.54 	 0.16 	 0.24 	 7.38 	 6.74 	 5.000000e-02 	 8.00e+01 	 1.00e+02 	 1  	 1  	 0  	 0 
0.09 	 0.16 	 0.27 	 7.27 	 6.27 	 5.000000e-02 	 8.00e+01 	 1.00e+02 	 1  	 1  	 0  	 0 
0.11 	 0.16 	 0.27 	 7.53 	 6.30 	 5.000000e-02 	 8.00e+01 	 1.00e+02 	 1  	 1  	 0  	 0 
0.18 	 0.16 	 0.26 	 7.03 	 6.20 	 5.000000e-02 	 8.00e+01 	 1.00e+02 	 1  	 1  	 0  	 0 
0.53 	 0.16 	 0.24 	 7.27 	 5.89 	 5.000000e-02 	 8.00e+01 	 1.00e+02 	 1  	 1  	 0  	 0 
0.31 	 0.16 	 0.25 	 7.03 	 6.15 	 5.000000e-02 	 8.00e+01 	 1.00e+02 	 1  	 1  	 0  	 0 
0.06 	 0.16 	 0.27 	 7.27 	 6.28 	 5.000000e-02 	 8.00e+01 	 1.00e+02 	 1  	 1  	 0  	 0 
0.14 	 0.16 	 0.26 	 7.38 	 6.61 	 5.000000e-02 	 8.00e+01 	 1.00e+02 	 1  	 1  	 0  	 0 
0.32 	 0.16 	 0.25 	 7.31 	 6.45 	 5.000000e-02 	 8.00e+01 	 1.00e+02 	 1  	 1  	 0  	 0 
0.03 	 0.16 	 0.27 	 6.98 	 6.26 	 5.000000e-02 	 8.00e+01 	 1.00e+02 	 1  	 1  	 0  	 0 
0.14 	 0.16 	 0.26 	 6.92 	 6.34 	 5.000000e-02 	 8.00e+01 	 1.00e+02 	 1  	 1  	 0  	 0 
0.22 	 0.16 	 0.26 	 7.13 	 6.17 	 5.000000e-02 	 8.00e+01 	 1.00e+02 	 1  	 1  	 0  	 0 
0.13 	 0.16 	 0.26 	 7.52 	 6.05 	 5.000000e-02 	 8.00e+01 	 1.00e+02 	 1  	 1  	 0  	 0 
0.23 	 0.16 	 0.26 	 7.31 	 6.30 	 5.000000e-02 	 8.00e+01 	 1.00e+02 	 1  	 1  	 0  	 0 
1.18 	 0.16 	 0.21 	 7.53 	 5.93 	 5.000000e-02 	 8.00e+01 	 1.00e+02 	 1  	 1  	 0  	 0 
1.06 	 0.16 	 0.22 	 7.41 	 6.50 	 5.000000e-02 	 8.00e+01 	 1.00e+02 	 1  	 1  	 0  	 0 
0.59 	 0.26 	 0.20 	 58.78 	 5.39 	 5.000000e-02 	 8.00e+01 	 1.00e+01 	 1  	 1  	 1  	 1 
0.40 	 0.27 	 0.20 	 60.59 	 5.59 	 5.000000e-02 	 8.00e+01 	 1.00e+01 	 1  	 1  	 1  	 1 
0.22 	 0.26 	 0.21 	 60.61 	 5.57 	 5.000000e-02 	 8.00e+01 	 1.00e+01 	 1  	 1  	 1  	 1 
0.07 	 0.26 	 0.22 	 60.11 	 5.49 	 5.000000e-02 	 8.00e+01 	 1.00e+01 	 1  	 1  	 1  	 1 
1.11 	 0.26 	 0.17 	 60.69 	 5.21 	 5.000000e-02 	 8.00e+01 	 1.00e+01 	 1  	 1  	 1  	 1 
0.09 	 0.26 	 0.22 	 58.16 	 5.51 	 5.000000e-02 	 8.00e+01 	 1.00e+01 	 1  	 1  	 1  	 1 
0.11 	 0.26 	 0.22 	 58.55 	 5.53 	 5.000000e-02 	 8.00e+01 	 1.00e+01 	 1  	 1  	 1  	 1 
0.17 	 0.26 	 0.22 	 58.28 	 5.40 	 5.000000e-02 	 8.00e+01 	 1.00e+01 	 1  	 1  	 1  	 1 
0.11 	 0.26 	 0.22 	 58.17 	 5.46 	 5.000000e-02 	 8.00e+01 	 1.00e+01 	 1  	 1  	 1  	 1 
0.24 	 0.26 	 0.21 	 58.80 	 5.49 	 5.000000e-02 	 8.00e+01 	 1.00e+01 	 1  	 1  	 1  	 1 
0.08 	 0.26 	 0.22 	 58.89 	 5.51 	 5.000000e-02 	 8.00e+01 	 1.00e+01 	 1  	 1  	 1  	 1 
0.30 	 0.26 	 0.21 	 57.34 	 5.40 	 5.000000e-02 	 8.00e+01 	 1.00e+01 	 1  	 1  	 1  	 1 
0.08 	 0.26 	 0.22 	 57.81 	 5.46 	 5.000000e-02 	 8.00e+01 	 1.00e+01 	 1  	 1  	 1  	 1 
0.15 	 0.27 	 0.22 	 58.81 	 5.62 	 5.000000e-02 	 8.00e+01 	 1.00e+01 	 1  	 1  	 1  	 1 
0.24 	 0.27 	 0.21 	 60.41 	 5.56 	 5.000000e-02 	 8.00e+01 	 1.00e+01 	 1  	 1  	 1  	 1 
0.10 	 0.26 	 0.22 	 58.91 	 5.52 	 5.000000e-02 	 8.00e+01 	 1.00e+01 	 1  	 1  	 1  	 1 
0.06 	 0.26 	 0.22 	 62.66 	 5.49 	 5.000000e-02 	 8.00e+01 	 1.00e+01 	 1  	 1  	 1  	 1 
0.14 	 0.26 	 0.22 	 62.42 	 5.51 	 5.000000e-02 	 8.00e+01 	 1.00e+01 	 1  	 1  	 1  	 1 
0.08 	 0.26 	 0.22 	 58.42 	 5.54 	 5.000000e-02 	 8.00e+01 	 1.00e+01 	 1  	 1  	 1  	 1 
0.06 	 0.26 	 0.22 	 56.94 	 5.48 	 5.000000e-02 	 8.00e+01 	 1.00e+01 	 1  	 1  	 1  	 1 
1.2810 	 0.1628 	 0.2108 	 59.64 	 5.91 	 5.000000e-02 	 8.00e+01 	 1.00e+01 	 1  	 1  	 1  	 1 
0.3924 	 0.1620 	 0.2554 	 59.50 	 5.80 	 5.000000e-02 	 8.00e+01 	 1.00e+01 	 1  	 1  	 1  	 1 
0.2417 	 0.1621 	 0.2634 	 59.64 	 5.83 	 5.000000e-02 	 8.00e+01 	 1.00e+01 	 1  	 1  	 1  	 1 
0.2192 	 0.1627 	 0.2647 	 59.48 	 5.95 	 5.000000e-02 	 8.00e+01 	 1.00e+01 	 1  	 1  	 1  	 1 
1.1020 	 0.1637 	 0.2181 	 65.19 	 5.68 	 5.000000e-02 	 8.00e+01 	 1.00e+01 	 1  	 1  	 1  	 1 
0.3538 	 0.1621 	 0.2571 	 59.86 	 5.93 	 5.000000e-02 	 8.00e+01 	 1.00e+01 	 1  	 1  	 1  	 1 
0.1354 	 0.1638 	 0.2692 	 66.22 	 6.19 	 5.000000e-02 	 8.00e+01 	 1.00e+01 	 1  	 1  	 1  	 1 
0.3615 	 0.1616 	 0.2576 	 61.38 	 6.02 	 5.000000e-02 	 8.00e+01 	 1.00e+01 	 1  	 1  	 1  	 1 
0.0992 	 0.1625 	 0.2709 	 62.17 	 5.93 	 5.000000e-02 	 8.00e+01 	 1.00e+01 	 1  	 1  	 1  	 1 
0.0820 	 0.1623 	 0.2718 	 61.55 	 5.93 	 5.000000e-02 	 8.00e+01 	 1.00e+01 	 1  	 1  	 1  	 1 
0.0566 	 0.1628 	 0.2732 	 62.89 	 5.98 	 5.000000e-02 	 8.00e+01 	 1.00e+01 	 1  	 1  	 1  	 1 
0.0638 	 0.1627 	 0.2728 	 60.58 	 5.98 	 5.000000e-02 	 8.00e+01 	 1.00e+01 	 1  	 1  	 1  	 1 
0.1931 	 0.1628 	 0.2655 	 60.08 	 5.91 	 5.000000e-02 	 8.00e+01 	 1.00e+01 	 1  	 1  	 1  	 1 
0.0264 	 0.1621 	 0.2738 	 60.11 	 5.91 	 5.000000e-02 	 8.00e+01 	 1.00e+01 	 1  	 1  	 1  	 1 
0.1617 	 0.1623 	 0.2670 	 60.95 	 5.95 	 5.000000e-02 	 8.00e+01 	 1.00e+01 	 1  	 1  	 1  	 1 
0.0570 	 0.1622 	 0.2723 	 59.13 	 5.95 	 5.000000e-02 	 8.00e+01 	 1.00e+01 	 1  	 1  	 1  	 1 
0.1292 	 0.1620 	 0.2690 	 59.05 	 5.83 	 5.000000e-02 	 8.00e+01 	 1.00e+01 	 1  	 1  	 1  	 1 
0.0943 	 0.1626 	 0.2704 	 64.11 	 5.94 	 5.000000e-02 	 8.00e+01 	 1.00e+01 	 1  	 1  	 1  	 1 
0.1637 	 0.1631 	 0.2671 	 64.70 	 6.03 	 5.000000e-02 	 8.00e+01 	 1.00e+01 	 1  	 1  	 1  	 1 
0.2596 	 0.1630 	 0.2624 	 63.45 	 5.93 	 5.000000e-02 	 8.00e+01 	 1.00e+01 	 1  	 1  	 1  	 1 
